K25U06S*    1C  2025 10 26.180462 23 13   08.10 -05 10   32.5 18.5 GV   703            
K25U06S     1C  2025 10 26.182770 23 13   17.99 -05 08   34.3         703            
K25U06S     1C  2025 10 26.185086 23 13   27.76 -05 06   40.3 18.7 GV   703            
K25U06S     1C  2025 10 26.187395 23 13   37.88 -05 04   40.2 18.3 GV   703            
K25U06S     mC  2025 10 26.212282 23 15   26.42 -04 43   32.4 18.0 GV   I52            
K25U06S     mC  2025 10 26.212395 23 15   26.91 -04 43   26.8 18.1 GV   I52            
K25U06S     mC  2025 10 26.212507 23 15   27.40 -04 43   21.0 18.1 GV   I52            
K25U06S     mC  2025 10 26.212632 23 15   27.96 -04 43   14.6 18.0 GV   I52            
K25U06S     C   2025 10 26.243259 23 18   39.19 -04 23   19.8 18.2 GV   U74            
K25U06S     C   2025 10 26.246567 23 18   54.34 -04 20   27.7 18.2 GV   U74            
K25U06S     mC  2025 10 26.251492 23 18   22.82 -04 09   22.6 18.1 GV   I52            
K25U06S     mC  2025 10 26.251593 23 18   23.28 -04 09   16.8 18.2 GV   I52            
K25U06S     mC  2025 10 26.251694 23 18   23.75 -04 09   11.6 18.1 GV   I52            
K25U06S     mC  2025 10 26.251794 23 18   24.20 -04 09   06.4 17.9 GV   I52            
K25U06S     mC  2025 10 26.334680 23 25   18.94 -02 54   14.6 18.0 GV   I52            
K25U06S     mC  2025 10 26.334819 23 25   19.74 -02 54   06.4 18.0 GV   I52            
K25U06S     mC  2025 10 26.334955 23 25   20.48 -02 53   59.2 18.2 GV   I52            
K25U06S     mC  2025 10 26.335090 23 25   21.22 -02 53   51.6 17.7 GV   I52            
K25U06S     KB  2025 10 26.449870 23 47   02.80 -01 18   29.3 17.9 GV   P13            
K25U06S     KB  2025 10 26.455140 23 47   33.38 -01 13   29.3 18.0 GV   P13            
K25U06S     KB  2025 10 26.460350 23 48   03.53 -01 08   30.3 18.0 GV   P13            
K25U06S     KB  2025 10 26.465530 23 48   33.45 -01 03   33.7 17.7 GV   P13            
K25U06S     KB  2025 10 26.536869 23 55   16.40 +00 06   31.6 17.6 GV   P13            
K25U06S     KB  2025 10 26.542336 23 55   46.97 +00 12   01.7 18.0 GV   P13            
K25U06S     KB  2025 10 26.547551 23 56   16.14 +00 17   17.3 17.6 GV   P13            
K25U06S     KB  2025 10 26.553336 23 56   48.49 +00 23   08.5 17.7 GV   P13            
C4557E1     KB  2025 10 27.533783 02 49   19.11 +19 33   42.4 17.0 G   P13            
C4557E1     KB  2025 10 27.535645 02 49   42.62 +19 36   11.2 17.1 G   P13            
C4557E1     KB  2025 10 27.537541 02 50   06.53 +19 38   42.1 16.8 G   P13            
C4557E1     KB  2025 10 27.539447 02 50   30.59 +19 41   14.1 16.6 G   P13            
C4557E1     KB  2025 10 27.541377 02 50   54.89 +19 43   47.5 16.7 G   P13            
C4557E1     KB  2025 10 27.543380 02 51   20.15 +19 46   26.3 16.8 G   P13            
C4557E1     KB  2025 10 27.545585 02 51   47.94 +19 49   20.8 16.6 G   P13            
C4557E1     KB  2025 10 28.729782 08 10   38.65 +22 41   34.6 16.6 G   P13            
C4557E1     KB  2025 10 28.730359 08 10   46.17 +22 41   09.9 16.1 G   P13            
C4557E1     KB  2025 10 28.730993 08 10   54.48 +22 40   42.8 16.4 G   P13            
C4557E1     KB  2025 10 28.731627 08 11   02.62 +22 40   16.0 16.1 G   P13            
C4557E1     KB  2025 10 28.732261 08 11   10.81 +22 39   49.0 16.3 G   P13            
C4557E1     KB  2025 10 28.732896 08 11   19.10 +22 39   21.5 16.3 G   P13            
C4557E1     KB  2025 10 28.733472 08 11   26.58 +22 38   56.8 16.1 G   P13            
