2023 11 10 15 28 48 720.100    DROA    SY     104047567.300     67.0    
2023 11 11 06 32 06 992.100    DROA    SY     104047567.300     67.0    
2023 11 10 00 49 26 352.100    DROA    SY           877.800     67.0    
2023 11 10 15 24 46 928.100    DROA    SY           877.700     67.0    
2023 11 11 21 07 27 568.100    DROA    SY     104047567.700     67.0    
2023 11 12 12 10 45 840.100    DROA    SY     104047566.900     68.0    
2023 11 13 03 14 04 112.100    DROA    SY     104047568.100     68.0    
2023 11 13 18 17 22 384.100    DROA    SY           877.700     67.0    
2023 11 09 09 34 32 784.100    DROA    SY           877.500     67.0    
2023 11 10 00 37 51  56.100    DROA    SY           877.700     67.0    
2023 11 10 15 41 09 328.100    DROA    SY           877.900     67.0    
2023 11 11 06 16 29 904.100    DROA    SY           877.500     67.0    
2023 11 11 21 19 48 176.100    DROA    SY           877.800     67.0    
2023 11 12 12 23 06 448.100    DROA    SY           877.200     67.0    
2023 11 13 02 58 27  24.100    DROA    SY           877.200     67.0    
2023 11 13 18 01 45 296.100    DROA    SY           877.800     67.0    
2023 11 09 09 46 53 392.100    DROA    SY           877.300     67.0    
2023 11 10 00 50 11 664.100    DROA    SY           877.700     67.0    
2023 11 10 15 25 32 240.100    DROA    SY           877.300     67.0    
2023 11 11 06 28 50 512.100    DROA    SY           877.300     67.0    
2023 11 11 21 32 08 784.100    DROA    SY           877.400     67.0    
2023 11 12 12 07 29 360.100    DROA    SY           877.300     67.0    
2023 11 13 03 10 47 632.100    DROA    SY           877.800     67.0    
2023 11 13 18 14 05 904.100    DROA    SY           878.100     67.0    
2023 11 09 09 31 16 304.100    DROA    SY           877.800     67.0    
2023 11 10 00 34 34 576.100    DROA    SY           877.000     67.0    
2023 11 10 15 37 52 848.100    DROA    SY           877.100     67.0    
2023 11 11 06 13 13 424.100    DROA    SY           877.200     67.0    
2023 11 11 21 16 31 696.100    DROA    SY           877.700     67.0    
2023 11 12 12 19 49 968.100    DROA    SY           877.100     67.0    
2023 11 13 03 23 08 240.100    DROA    SY           877.700     67.0    
2023 11 13 17 58 28 816.100    DROA    SY           877.400     67.0    
2023 11 09 09 43 36 912.100    DROA    SY           878.300     67.0    
2023 11 10 00 46 55 184.100    DROA    SY           878.300     67.0    
2023 11 10 15 22 15 760.100    DROA    SY           877.600     67.0    
2023 11 11 06 25 34  32.100    DROA    SY           877.700     67.0    
2023 11 11 21 28 52 304.100    DROA    SY           877.700     67.0    
2023 11 12 12 04 12 880.100    DROA    SY           878.000     67.0    
2023 11 13 03 07 31 152.100    DROA    SY           877.500     67.0    
2023 11 13 18 10 49 424.100    DROA    SY           877.500     67.0    
2023 11 09 09 27 59 824.100    DROA    SY           877.700     67.0    
2023 11 10 00 31 18  96.100    DROA    SY           877.900     67.0    
2023 11 10 15 34 36 368.100    DROA    SY           877.500     67.0    
2023 11 11 06 37 54 640.100    DROA    SY           877.900     67.0    
2023 11 11 21 13 15 216.100    DROA    SY           877.300     67.0    
2023 11 12 12 16 33 488.100    DROA    SY           877.600     67.0    
2023 11 13 03 19 51 760.100    DROA    SY           878.100     67.0    
2023 11 13 17 55 12 336.100    DROA    SY           877.700     67.0    
2023 11 09 09 40 20 432.100    DROA    SY           877.000     67.0    
2023 11 10 00 43 38 704.100    DROA    SY           877.800     67.0    
2023 11 10 15 18 59 280.100    DROA    SY           877.500     67.0    
2023 11 11 06 22 17 552.100    DROA    SY           877.200     67.0    
2023 11 11 21 25 35 824.100    DROA    SY           876.900     67.0    
2023 11 12 12 28 54  96.100    DROA    SY           877.200     67.0    
2023 11 13 03 04 14 672.100    DROA    SY           877.300     67.0    
2023 11 13 18 07 32 944.100    DROA    SY           877.900     67.0    
2023 11 09 09 52 41  40.100    DROA    SY           877.700     67.0    
2023 11 10 00 28 01 616.100    DROA    SY           876.900     67.0    
2023 11 10 15 31 19 888.100    DROA    SY           878.200     67.0    
2023 11 11 06 34 38 160.100    DROA    SY           877.500     67.0    
2023 11 11 21 09 58 736.100    DROA    SY           877.700     68.0    
2023 11 12 12 13 17   8.100    DROA    SY           877.600     67.0    
2023 11 13 03 16 35 280.100    DROA    SY           876.800     67.0    
2023 11 13 17 51 55 856.100    DROA    SY           877.900     67.0    
2023 11 09 09 37 03 952.100    DROA    SY           877.600     67.0    
2023 11 10 00 40 22 224.100    DROA    SY           877.900     67.0    
2023 11 10 15 43 40 496.100    DROA    SY           877.100     67.0    
2023 11 11 06 19 01  72.100    DROA    SY           877.100     66.0    
2023 11 11 21 22 19 344.100    DROA    SY           877.800     67.0    
2023 11 12 12 25 37 616.100    DROA    SY           878.100     67.0    
2023 11 13 03 00 58 192.100    DROA    SY           878.200     67.0    
2023 11 13 18 04 16 464.100    DROA    SY           877.800     67.0    
2023 11 09 09 49 24 560.100    DROA    SY           877.900     67.0    
2023 11 10 00 24 45 136.100    DROA    SY           877.800     67.0    
2023 11 10 15 28 03 408.100    DROA    SY           877.700     67.0    
2023 11 11 06 31 21 680.100    DROA    SY           877.600     67.0    
2023 11 11 21 34 39 952.100    DROA    SY           878.100     67.0    
2023 11 12 12 10 00 528.100    DROA    SY           877.100     67.0    
2023 11 13 03 13 18 800.100    DROA    SY           877.500     67.0    
2023 11 13 18 16 37  72.100    DROA    SY           878.100     67.0    
2023 11 09 09 33 47 472.100    DROA    SY           878.100     67.0    
2023 11 10 00 37 05 744.100    DROA    SY           877.800     67.0    
2023 11 10 15 40 24  16.100    DROA    SY           878.500     67.0    
2023 11 11 06 15 44 592.100    DROA    SY           877.900     67.0    
2023 11 11 21 19 02 864.100    DROA    SY           877.900     67.0    
2023 11 12 12 22 21 136.100    DROA    SY           877.300     67.0    
2023 11 13 02 57 41 712.100    DROA    SY           877.300     67.0    
2023 11 13 18 00 59 984.100    DROA    SY           877.400     67.0    
2023 11 09 09 46 08  80.100    DROA    SY           878.400     67.0    
2023 11 11 06 28 05 200.100    DROA    SY           878.000     67.0    
2023 11 11 21 31 23 472.100    DROA    SY           877.400     67.0    
2023 11 12 12 06 44  48.100    DROA    SY           878.200     68.0    
2023 11 13 03 10 02 320.100    DROA    SY           877.900     67.0    
2023 11 13 18 13 20 592.100    DROA    SY           877.800     67.0    
2023 11 09 09 30 30 992.100    DROA    SY           877.600     67.0    
2023 11 10 00 33 49 264.100    DROA    SY           878.100     67.0    
2023 11 10 15 37 07 536.100    DROA    SY           878.100     67.0    
2023 11 11 06 12 28 112.100    DROA    SY           877.800     68.0    
2023 11 11 21 15 46 384.100    DROA    SY           878.500     66.0    
2023 11 12 12 19 04 656.100    DROA    SY           877.700     67.0    
2023 11 13 03 22 22 928.100    DROA    SY           877.100     67.0    
2023 11 13 17 57 43 504.100    DROA    SY           878.100     67.0    
2023 11 09 09 42 51 600.100    DROA    SY           877.800     67.0    
2023 11 10 00 46 09 872.100    DROA    SY           877.200     67.0    
2023 11 10 15 21 30 448.100    DROA    SY           878.000     67.0    
2023 11 11 06 24 48 720.100    DROA    SY           877.300     67.0    
2023 11 11 21 28 06 992.100    DROA    SY           877.300     67.0    
2023 11 12 12 03 27 568.100    DROA    SY           878.100     67.0    
2023 11 13 03 06 45 840.100    DROA    SY           877.700     67.0    
2023 11 13 18 10 04 112.100    DROA    SY           878.000     67.0    
2023 11 09 09 55 12 208.100    DROA    SY           878.400     67.0    
2023 11 10 00 30 32 784.100    DROA    SY           878.100     67.0    
2023 11 10 15 33 51  56.100    DROA    SY           877.700     68.0    
2023 11 11 06 37 09 328.100    DROA    SY           878.200     68.0    
2023 11 11 21 12 29 904.100    DROA    SY           878.100     67.0    
2023 11 12 12 15 48 176.100    DROA    SY           877.800     67.0    
2023 11 13 03 19 06 448.100    DROA    SY           877.300     67.0    
2023 11 13 17 54 27  24.100    DROA    SY           878.100     67.0    
2023 11 09 09 39 35 120.100    DROA    SY           878.100     67.0    
2023 11 10 00 42 53 392.100    DROA    SY           878.100     66.0    
2023 11 10 15 18 13 968.100    DROA    SY           877.800     66.0    
2023 11 11 06 21 32 240.100    DROA    SY           877.200     66.0    
2023 11 11 21 24 50 512.100    DROA    SY           878.300     66.0    
2023 11 12 12 28 08 784.100    DROA    SY           877.700     67.0    
2023 11 13 03 03 29 360.100    DROA    SY           878.500     67.0    
2023 11 13 18 06 47 632.100    DROA    SY           878.000     67.0    
2023 11 09 09 51 55 728.100    DROA    SY           878.100     66.0    
2023 11 10 00 27 16 304.100    DROA    SY           877.800     67.0    
2023 11 10 15 30 34 576.100    DROA    SY           877.800     67.0    
2023 11 11 06 33 52 848.100    DROA    SY           877.100     67.0    
2023 11 11 21 09 13 424.100    DROA    SY           878.100     67.0    
2023 11 12 12 12 31 696.100    DROA    SY           877.400     67.0    
2023 11 13 03 15 49 968.100    DROA    SY           878.000     67.0    
2023 11 13 18 19 08 240.100    DROA    SY           877.500     67.0    
2023 11 09 09 36 18 640.100    DROA    SY           877.300     67.0    
2023 11 10 00 39 36 912.100    DROA    SY           877.800     67.0    
2023 11 10 15 42 55 184.100    DROA    SY           877.400     67.0    
2023 11 11 06 18 15 760.100    DROA    SY           878.300     67.0    
2023 11 11 21 21 34  32.100    DROA    SY           878.300     67.0    
2023 11 12 12 24 52 304.100    DROA    SY           878.700     67.0    
2023 11 13 03 00 12 880.100    DROA    SY           878.000     67.0    
2023 11 13 18 03 31 152.100    DROA    SY           877.700     67.0    
2023 11 09 09 48 39 248.100    DROA    SY           878.100     67.0    
2023 11 10 00 23 59 824.100    DROA    SY           878.000     67.0    
2023 11 10 15 27 18  96.100    DROA    SY           878.200     67.0    
2023 11 11 06 30 36 368.100    DROA    SY           877.800     67.0    
2023 11 11 21 33 54 640.100    DROA    SY           877.800     68.0    
2023 11 12 12 09 15 216.100    DROA    SY           878.100     67.0    
2023 11 13 03 12 33 488.100    DROA    SY           877.800     67.0    
2023 11 13 18 15 51 760.100    DROA    SY           878.100     67.0    
2023 11 09 09 33 02 160.100    DROA    SY           877.000     67.0    
2023 11 10 00 36 20 432.100    DROA    SY           877.700     67.0    
2023 11 10 15 39 38 704.100    DROA    SY           877.900     67.0    
2023 11 11 06 14 59 280.100    DROA    SY           877.800     67.0    
2023 11 11 21 18 17 552.100    DROA    SY           877.900     67.0    
2023 11 12 12 21 35 824.100    DROA    SY           877.600     67.0    
2023 11 13 02 56 56 400.100    DROA    SY           877.800     68.0    
2023 11 13 18 00 14 672.100    DROA    SY           877.300     68.0    
2023 11 09 09 45 22 768.100    DROA    SY           878.200     68.0    
2023 11 10 00 48 41  40.100    DROA    SY           878.000     67.0    
2023 11 10 15 24 01 616.100    DROA    SY           877.700     67.0    
2023 11 11 06 27 19 888.100    DROA    SY           878.500     68.0    
2023 11 11 21 30 38 160.100    DROA    SY           877.800     68.0    
2023 11 12 12 05 58 736.100    DROA    SY           877.800     68.0    
2023 11 13 03 09 17   8.100    DROA    SY           877.300     67.0    
2023 11 13 18 12 35 280.100    DROA    SY           877.700     68.0    
2023 11 09 09 29 45 680.100    DROA    SY           878.200     67.0    
2023 11 10 00 33 03 952.100    DROA    SY           877.700     67.0    
2023 11 10 15 36 22 224.100    DROA    SY           878.200     67.0    
2023 11 11 06 39 40 496.100    DROA    SY           878.200     67.0    
2023 11 11 21 15 01  72.100    DROA    SY           877.700     67.0    
2023 11 12 12 18 19 344.100    DROA    SY           877.000     67.0    
2023 11 13 03 21 37 616.100    DROA    SY           877.700     67.0    
2023 11 13 17 56 58 192.100    DROA    SY           877.900     67.0    
2023 11 09 09 42 06 288.100    DROA    SY           878.000     67.0    
2023 11 10 00 45 24 560.100    DROA    SY           877.600     67.0    
2023 11 10 15 20 45 136.100    DROA    SY           878.100     67.0    
2023 11 11 06 24 03 408.100    DROA    SY           877.600     67.0    
2023 11 11 21 27 21 680.100    DROA    SY           877.900     67.0    
2023 11 12 12 02 42 256.100    DROA    SY           877.100     67.0    
2023 11 13 03 06 00 528.100    DROA    SY           878.500     67.0    
2023 11 13 18 09 18 800.100    DROA    SY           877.800     67.0    
2023 11 09 09 54 26 896.100    DROA    SY           878.200     67.0    
2023 11 10 00 29 47 472.100    DROA    SY           877.900     67.0    
2023 11 10 15 33 05 744.100    DROA    SY           877.000     66.0    
2023 11 11 06 36 24  16.100    DROA    SY           877.200     67.0    
2023 11 11 21 11 44 592.100    DROA    SY           878.100     67.0    
2023 11 12 12 15 02 864.100    DROA    SY           877.900     67.0    
2023 11 13 03 18 21 136.100    DROA    SY           876.700     66.0    
2023 11 13 17 53 41 712.100    DROA    SY           877.900     67.0    
2023 11 09 09 38 49 808.100    DROA    SY           877.900     67.0    
2023 11 10 00 42 08  80.100    DROA    SY           877.400     67.0    
2023 11 10 15 45 26 352.100    DROA    SY           878.100     67.0    
2023 11 11 06 20 46 928.100    DROA    SY           877.700     67.0    
2023 11 11 21 24 05 200.100    DROA    SY           877.300     67.0    
2023 11 12 12 27 23 472.100    DROA    SY           877.800     67.0    
2023 11 13 03 02 44  48.100    DROA    SY           878.000     67.0    
2023 11 13 18 06 02 320.100    DROA    SY           878.000     66.0    
2023 11 09 09 51 10 416.100    DROA    SY           877.500     66.0    
2023 11 10 00 26 30 992.100    DROA    SY           878.100     67.0    
2023 11 10 15 29 49 264.100    DROA    SY           878.000     67.0    
2023 11 11 06 33 07 536.100    DROA    SY           878.200     66.0    
2023 11 11 21 08 28 112.100    DROA    SY           877.900     66.0    
2023 11 12 12 11 46 384.100    DROA    SY           878.300     66.0    
2023 11 13 03 15 04 656.100    DROA    SY           877.600     66.0    
2023 11 13 18 18 22 928.100    DROA    SY           877.700     66.0    
2023 11 09 09 35 33 328.100    DROA    SY           877.500     66.0    
2023 11 10 00 38 51 600.100    DROA    SY           877.900     67.0    
2023 11 10 15 42 09 872.100    DROA    SY           878.100     67.0    
2023 11 11 06 17 30 448.100    DROA    SY           877.600     66.0    
2023 11 11 21 20 48 720.100    DROA    SY           877.600     67.0    
2023 11 12 12 24 06 992.100    DROA    SY           877.200     67.0    
2023 11 13 02 59 27 568.100    DROA    SY           877.600     67.0    
2023 11 13 18 02 45 840.100    DROA    SY           877.200     67.0    
2023 11 09 09 47 53 936.100    DROA    SY           878.000     67.0    
2023 11 10 00 23 14 512.100    DROA    SY           877.600     67.0    
2023 11 10 15 26 32 784.100    DROA    SY           877.400     67.0    
2023 11 11 06 29 51  56.100    DROA    SY           876.900     67.0    
2023 11 11 21 33 09 328.100    DROA    SY           878.000     67.0    
2023 11 12 12 08 29 904.100    DROA    SY           877.700     67.0    
2023 11 13 03 11 48 176.100    DROA    SY           878.400     67.0    
2023 11 13 18 15 06 448.100    DROA    SY           877.300     67.0    
2023 11 09 09 32 16 848.100    DROA    SY           877.900     67.0    
2023 11 10 00 35 35 120.100    DROA    SY           877.200     67.0    
2023 11 10 15 38 53 392.100    DROA    SY           878.000     66.0    
2023 11 11 06 14 13 968.100    DROA    SY           877.700     67.0    
2023 11 11 21 17 32 240.100    DROA    SY           877.800     67.0    
2023 11 12 12 20 50 512.100    DROA    SY           877.900     67.0    
2023 11 13 03 24 08 784.100    DROA    SY           877.700     67.0    
2023 11 13 17 59 29 360.100    DROA    SY           877.500     67.0    
2023 11 09 09 44 37 456.100    DROA    SY           877.800     67.0    
2023 11 10 00 47 55 728.100    DROA    SY           877.400     67.0    
2023 11 10 15 23 16 304.100    DROA    SY           877.900     68.0    
2023 11 11 06 26 34 576.100    DROA    SY           877.800     67.0    
2023 11 11 21 29 52 848.100    DROA    SY           877.700     66.0    
2023 11 12 12 05 13 424.100    DROA    SY           877.500     66.0    
2023 11 13 03 08 31 696.100    DROA    SY           877.300     67.0    
2023 11 13 18 11 49 968.100    DROA    SY           876.700     67.0    
2023 11 09 09 29 00 368.100    DROA    SY           877.500     66.0    
2023 11 10 00 32 18 640.100    DROA    SY           877.200     66.0    
2023 11 10 15 35 36 912.100    DROA    SY           877.700     66.0    
2023 11 11 06 38 55 184.100    DROA    SY           878.400     66.0    
2023 11 11 21 14 15 760.100    DROA    SY           877.600     66.0    
2023 11 12 12 17 34  32.100    DROA    SY           878.200     67.0    
2023 11 13 03 20 52 304.100    DROA    SY           876.900     67.0    
2023 11 13 17 56 12 880.100    DROA    SY           878.300     67.0    
2023 11 09 09 41 20 976.100    DROA    SY           878.600     67.0    
2023 11 10 00 44 39 248.100    DROA    SY           878.100     67.0    
2023 11 10 15 19 59 824.100    DROA    SY           877.700     67.0    
2023 11 11 06 23 18  96.100    DROA    SY           877.900     67.0    
2023 11 11 21 26 36 368.100    DROA    SY           877.500     68.0    
2023 11 12 12 01 56 944.100    DROA    SY           878.000     67.0    
2023 11 13 03 05 15 216.100    DROA    SY           877.700     68.0    
2023 11 13 18 08 33 488.100    DROA    SY           877.900     67.0    
2023 11 09 09 53 41 584.100    DROA    SY           878.100     67.0    
2023 11 10 00 29 02 160.100    DROA    SY           877.800     68.0    
2023 11 10 15 32 20 432.100    DROA    SY           878.000     68.0    
2023 11 11 06 35 38 704.100    DROA    SY           877.900     67.0    
2023 11 11 21 10 59 280.100    DROA    SY           878.100     68.0    
2023 11 12 12 14 17 552.100    DROA    SY           877.600     67.0    
2023 11 13 03 17 35 824.100    DROA    SY           878.200     67.0    
2023 11 13 17 52 56 400.100    DROA    SY           878.100     67.0    
2023 11 09 09 38 04 496.100    DROA    SY           878.100     66.0    
2023 11 10 00 41 22 768.100    DROA    SY           877.800     66.0    
2023 11 10 15 44 41  40.100    DROA    SY           877.800     66.0    
2023 11 11 06 20 01 616.100    DROA    SY           877.700     67.0    
2023 11 11 21 23 19 888.100    DROA    SY           877.700     67.0    
2023 11 12 12 26 38 160.100    DROA    SY           877.900     67.0    
2023 11 13 03 01 58 736.100    DROA    SY           877.800     67.0    
2023 11 13 18 05 17   8.100    DROA    SY           877.500     67.0    
2023 11 09 09 50 25 104.100    DROA    SY           877.300     67.0    
2023 11 10 00 25 45 680.100    DROA    SY           877.300     67.0    
2023 11 10 15 29 03 952.100    DROA    SY           877.100     67.0    
2023 11 11 06 32 22 224.100    DROA    SY           877.400     67.0    
2023 11 11 21 07 42 800.100    DROA    SY           878.100     67.0    
2023 11 12 12 11 01  72.100    DROA    SY           877.700     67.0    
2023 11 13 03 14 19 344.100    DROA    SY           877.400     67.0    
2023 11 13 18 17 37 616.100    DROA    SY           877.400     67.0    
2023 11 09 09 34 48  16.100    DROA    SY           878.000     67.0    
2023 11 10 00 38 06 288.100    DROA    SY           877.400     67.0    
2023 11 10 15 41 24 560.100    DROA    SY           877.400     68.0    
2023 11 11 06 16 45 136.100    DROA    SY           877.400     67.0    
2023 11 11 21 20 03 408.100    DROA    SY           877.300     67.0    
2023 11 12 12 23 21 680.100    DROA    SY           877.700     67.0    
2023 11 13 02 58 42 256.100    DROA    SY           877.900     67.0    
2023 11 13 18 02 00 528.100    DROA    SY           878.000     67.0    
2023 11 09 09 47 08 624.100    DROA    SY           878.000     67.0    
2023 11 10 00 50 26 896.100    DROA    SY           878.400     68.0    
2023 11 10 15 25 47 472.100    DROA    SY           877.300     68.0    
2023 11 11 06 29 05 744.100    DROA    SY           877.700     67.0    
2023 11 11 21 32 24  16.100    DROA    SY           878.500     67.0    
2023 11 12 12 07 44 592.100    DROA    SY           877.300     68.0    
2023 11 13 03 11 02 864.100    DROA    SY           876.900     68.0    
2023 11 13 18 14 21 136.100    DROA    SY           878.100     68.0    
2023 11 09 09 31 31 536.100    DROA    SY           878.500     68.0    
2023 11 10 00 34 49 808.100    DROA    SY           876.700     68.0    
2023 11 10 15 38 08  80.100    DROA    SY           877.900     67.0    
2023 11 11 06 13 28 656.100    DROA    SY           878.100     68.0    
2023 11 11 21 16 46 928.100    DROA    SY           877.600     68.0    
2023 11 12 12 20 05 200.100    DROA    SY           877.700     68.0    
2023 11 13 03 23 23 472.100    DROA    SY           877.700     68.0    
2023 11 13 17 58 44  48.100    DROA    SY           877.800     67.0    
2023 11 09 09 43 52 144.100    DROA    SY           878.400     67.0    
2023 11 10 00 47 10 416.100    DROA    SY           876.900     68.0    
2023 11 10 15 22 30 992.100    DROA    SY           877.400     68.0    
2023 11 11 06 25 49 264.100    DROA    SY           877.800     67.0    
2023 11 11 21 29 07 536.100    DROA    SY           877.500     67.0    
2023 11 12 12 04 28 112.100    DROA    SY           878.000     67.0    
2023 11 13 03 07 46 384.100    DROA    SY           877.300     67.0    
2023 11 13 18 11 04 656.100    DROA    SY           877.400     67.0    
2023 11 09 09 28 15  56.100    DROA    SY           877.600     68.0    
2023 11 10 00 31 33 328.100    DROA    SY           877.800     67.0    
2023 11 10 15 34 51 600.100    DROA    SY           878.500     67.0    
2023 11 11 06 38 09 872.100    DROA    SY           878.100     67.0    
2023 11 11 21 13 30 448.100    DROA    SY           877.800     67.0    
2023 11 12 12 16 48 720.100    DROA    SY           877.900     67.0    
2023 11 13 03 20 06 992.100    DROA    SY           878.600     67.0    
2023 11 13 17 55 27 568.100    DROA    SY           877.600     67.0    
2023 11 09 09 40 35 664.100    DROA    SY           878.200     67.0    
2023 11 10 00 43 53 936.100    DROA    SY           877.800     67.0    
2023 11 10 15 19 14 512.100    DROA    SY           877.800     67.0    
2023 11 11 06 22 32 784.100    DROA    SY           877.800     68.0    
2023 11 11 21 25 51  56.100    DROA    SY           877.400     68.0    
2023 11 12 12 29 09 328.100    DROA    SY           877.400     67.0    
2023 11 13 03 04 29 904.100    DROA    SY           877.600     67.0    
2023 11 13 18 07 48 176.100    DROA    SY           878.900     68.0    
2023 11 09 09 52 56 272.100    DROA    SY           877.500     67.0    
2023 11 10 00 28 16 848.100    DROA    SY           877.900     68.0    
2023 11 10 15 31 35 120.100    DROA    SY           877.800     68.0    
2023 11 11 06 34 53 392.100    DROA    SY           877.000     68.0    
2023 11 11 21 10 13 968.100    DROA    SY           878.100     67.0    
2023 11 12 12 13 32 240.100    DROA    SY           878.600     68.0    
2023 11 13 03 16 50 512.100    DROA    SY           878.400     67.0    
2023 11 13 17 52 11  88.100    DROA    SY           877.900     67.0    
2023 11 09 09 37 19 184.100    DROA    SY           878.600     67.0    
2023 11 10 00 40 37 456.100    DROA    SY           878.300     68.0    
2023 11 10 15 43 55 728.100    DROA    SY           877.700     67.0    
2023 11 11 06 19 16 304.100    DROA    SY           877.300     67.0    
2023 11 11 21 22 34 576.100    DROA    SY           877.100     67.0    
2023 11 12 12 25 52 848.100    DROA    SY           876.800     67.0    
2023 11 13 03 01 13 424.100    DROA    SY           878.000     66.0    
2023 11 13 18 04 31 696.100    DROA    SY           877.300     67.0    
2023 11 09 09 49 39 792.100    DROA    SY           877.300     67.0    
2023 11 10 00 25 00 368.100    DROA    SY           877.600     67.0    
2023 11 10 15 28 18 640.100    DROA    SY           877.700     67.0    
2023 11 11 06 31 36 912.100    DROA    SY           877.900     67.0    
2023 11 11 21 34 55 184.100    DROA    SY           877.600     67.0    
2023 11 12 12 10 15 760.100    DROA    SY           878.000     67.0    
2023 11 13 03 13 34  32.100    DROA    SY           878.100     67.0    
2023 11 13 18 16 52 304.100    DROA    SY           877.900     67.0    
2023 11 09 09 34 02 704.100    DROA    SY           877.600     67.0    
2023 11 10 00 37 20 976.100    DROA    SY           877.400     67.0    
2023 11 10 15 40 39 248.100    DROA    SY           878.100     67.0    
2023 11 11 06 15 59 824.100    DROA    SY           877.600     67.0    
2023 11 11 21 19 18  96.100    DROA    SY           877.700     67.0    
2023 11 12 12 22 36 368.100    DROA    SY           878.200     67.0    
2023 11 13 02 57 56 944.100    DROA    SY           877.900     67.0    
2023 11 13 18 01 15 216.100    DROA    SY           878.500     67.0    
2023 11 09 09 46 23 312.100    DROA    SY           878.400     67.0    
2023 11 10 00 49 41 584.100    DROA    SY           877.600     67.0    
2023 11 10 15 25 02 160.100    DROA    SY           878.100     67.0    
2023 11 11 06 28 20 432.100    DROA    SY           878.200     67.0    
2023 11 11 21 31 38 704.100    DROA    SY           877.600     67.0    
2023 11 12 12 06 59 280.100    DROA    SY           877.300     67.0    
2023 11 13 03 10 17 552.100    DROA    SY           876.800     67.0    
2023 11 13 18 13 35 824.100    DROA    SY           878.200     67.0    
2023 11 09 09 30 46 224.100    DROA    SY           878.100     67.0    
2023 11 10 00 34 04 496.100    DROA    SY           878.100     67.0    
2023 11 10 15 37 22 768.100    DROA    SY           877.700     67.0    
2023 11 11 06 12 43 344.100    DROA    SY           877.800     67.0    
2023 11 11 21 16 01 616.100    DROA    SY           877.800     67.0    
2023 11 12 12 19 19 888.100    DROA    SY           878.200     67.0    
2023 11 13 03 22 38 160.100    DROA    SY           877.900     67.0    
2023 11 13 17 57 58 736.100    DROA    SY           877.600     67.0    
2023 11 09 09 43 06 832.100    DROA    SY           878.300     67.0    
2023 11 10 00 46 25 104.100    DROA    SY           878.600     68.0    
2023 11 10 15 21 45 680.100    DROA    SY           877.800     68.0    
2023 11 11 06 25 03 952.100    DROA    SY           877.600     67.0    
2023 11 11 21 28 22 224.100    DROA    SY           877.500     67.0    
2023 11 12 12 03 42 800.100    DROA    SY           878.000     67.0    
2023 11 13 03 07 01  72.100    DROA    SY           877.400     68.0    
2023 11 13 18 10 19 344.100    DROA    SY           877.800     67.0    
2023 11 09 09 55 27 440.100    DROA    SY           877.500     67.0    
2023 11 10 00 30 48  16.100    DROA    SY           877.100     67.0    
2023 11 10 15 34 06 288.100    DROA    SY           877.800     68.0    
2023 11 11 06 37 24 560.100    DROA    SY           877.200     67.0    
2023 11 11 21 12 45 136.100    DROA    SY           877.900     67.0    
2023 11 12 12 16 03 408.100    DROA    SY           877.900     67.0    
2023 11 13 03 19 21 680.100    DROA    SY           877.000     67.0    
2023 11 13 17 54 42 256.100    DROA    SY           878.000     67.0    
2023 11 09 09 39 50 352.100    DROA    SY           878.400     67.0    
2023 11 10 00 43 08 624.100    DROA    SY           877.300     67.0    
2023 11 10 15 18 29 200.100    DROA    SY           878.000     67.0    
2023 11 11 06 21 47 472.100    DROA    SY           876.900     67.0    
2023 11 11 21 25 05 744.100    DROA    SY           877.800     67.0    
2023 11 12 12 28 24  16.100    DROA    SY           877.900     67.0    
2023 11 13 03 03 44 592.100    DROA    SY           877.500     68.0    
2023 11 13 18 07 02 864.100    DROA    SY           877.700     67.0    
2023 11 09 09 52 10 960.100    DROA    SY           876.900     67.0    
2023 11 10 00 27 31 536.100    DROA    SY           877.700     67.0    
2023 11 10 15 30 49 808.100    DROA    SY           877.000     67.0    
2023 11 11 06 34 08  80.100    DROA    SY           877.700     67.0    
2023 11 11 21 09 28 656.100    DROA    SY           877.800     67.0    
2023 11 12 12 12 46 928.100    DROA    SY           878.200     66.0    
2023 11 13 03 16 05 200.100    DROA    SY           877.900     67.0    
2023 11 13 18 19 23 472.100    DROA    SY           877.500     67.0    
2023 11 09 09 36 33 872.100    DROA    SY           878.100     67.0    
2023 11 10 00 39 52 144.100    DROA    SY           878.400     67.0    
2023 11 10 15 43 10 416.100    DROA    SY           878.200     67.0    
2023 11 11 06 18 30 992.100    DROA    SY           878.000     67.0    
2023 11 11 21 21 49 264.100    DROA    SY           878.100     67.0    
2023 11 12 12 25 07 536.100    DROA    SY           878.200     67.0    
2023 11 13 03 00 28 112.100    DROA    SY           877.600     67.0    
2023 11 13 18 03 46 384.100    DROA    SY           878.200     67.0    
2023 11 09 09 48 54 480.100    DROA    SY           877.300     67.0    
2023 11 10 00 24 15  56.100    DROA    SY           877.600     67.0    
2023 11 10 15 27 33 328.100    DROA    SY           878.700     67.0    
2023 11 11 06 30 51 600.100    DROA    SY           877.600     67.0    
2023 11 11 21 34 09 872.100    DROA    SY           877.700     67.0    
2023 11 12 12 09 30 448.100    DROA    SY           878.900     67.0    
2023 11 13 03 12 48 720.100    DROA    SY           877.800     67.0    
2023 11 13 18 16 06 992.100    DROA    SY           877.400     67.0    
2023 11 09 09 33 17 392.100    DROA    SY           878.500     67.0    
2023 11 10 00 36 35 664.100    DROA    SY           878.100     67.0    
2023 11 10 15 39 53 936.100    DROA    SY           877.300     67.0    
2023 11 11 06 15 14 512.100    DROA    SY           878.400     67.0    
2023 11 11 21 18 32 784.100    DROA    SY           878.400     67.0    
2023 11 12 12 21 51  56.100    DROA    SY           878.300     67.0    
2023 11 13 02 57 11 632.100    DROA    SY           878.200     67.0    
2023 11 13 18 00 29 904.100    DROA    SY           877.900     67.0    
2023 11 09 09 45 38   0.100    DROA    SY           878.100     67.0    
2023 11 10 00 48 56 272.100    DROA    SY           878.500     67.0    
2023 11 10 15 24 16 848.100    DROA    SY           877.800     67.0    
2023 11 11 06 27 35 120.100    DROA    SY           878.200     67.0    
2023 11 11 21 30 53 392.100    DROA    SY           877.900     67.0    
2023 11 12 12 06 13 968.100    DROA    SY           877.600     67.0    
2023 11 13 03 09 32 240.100    DROA    SY           876.800     66.0    
2023 11 13 18 12 50 512.100    DROA    SY           877.400     67.0    
2023 11 09 09 30 00 912.100    DROA    SY           878.000     66.0    
2023 11 10 00 33 19 184.100    DROA    SY           877.600     67.0    
2023 11 10 15 36 37 456.100    DROA    SY           877.400     67.0    
2023 11 11 06 39 55 728.100    DROA    SY           877.800     67.0    
2023 11 11 21 15 16 304.100    DROA    SY           877.400     67.0    
2023 11 12 12 18 34 576.100    DROA    SY           877.400     67.0    
2023 11 13 03 21 52 848.100    DROA    SY           877.800     67.0    
2023 11 13 17 57 13 424.100    DROA    SY           878.100     67.0    
2023 11 09 09 42 21 520.100    DROA    SY           877.700     67.0    
2023 11 10 00 45 39 792.100    DROA    SY           878.600     68.0    
2023 11 10 15 21 00 368.100    DROA    SY           877.800     67.0    
2023 11 11 06 24 18 640.100    DROA    SY           877.600     67.0    
2023 11 11 21 27 36 912.100    DROA    SY           877.600     67.0    
2023 11 12 12 02 57 488.100    DROA    SY           877.800     67.0    
2023 11 13 03 06 15 760.100    DROA    SY           853.400     67.0    
2023 11 12 12 15 18  96.100    DROA    SY     395286668.900     67.0    
2023 11 13 03 18 36 368.100    DROA    SY            47.000     67.0    
2023 11 13 17 53 56 944.100    DROA    SY            46.900     67.0    
2023 11 09 09 39 05  40.100    DROA    SY            47.700     67.0    
2023 11 10 00 42 23 312.100    DROA    SY            47.600     66.0    
2023 11 10 15 17 43 888.100    DROA    SY            47.000     66.0    
2023 11 11 06 21 02 160.100    DROA    SY            47.500     67.0    
2023 11 11 21 24 20 432.100    DROA    SY            46.900     67.0    
2023 11 12 12 27 38 704.100    DROA    SY            47.600     67.0    
2023 11 13 03 02 59 280.100    DROA    SY            46.900     67.0    
2023 11 13 18 06 17 552.100    DROA    SY            46.700     67.0    
2023 11 09 09 51 25 648.100    DROA    SY            46.800     67.0    
