2023 11 10 00 30 26 208.100    DROA    SY            -0.002            -0.003     67.0    
2023 11 10 00 30 28 208.100    DROA    SY             0.003             0.005     67.0    
2023 11 10 00 30 30 208.100    DROA    SY            -0.000            -0.000     67.0    
2023 11 10 00 30 32 208.100    DROA    SY             0.005             0.010     68.0    
2023 11 10 00 30 34 208.100    DROA    SY             0.006             0.011     68.0    
2023 11 10 00 30 36 208.100    DROA    SY             0.010             0.019     67.0    
2023 11 10 00 30 38 208.100    DROA    SY            -0.002            -0.004     67.0    
2023 11 10 00 30 40 208.100    DROA    SY             0.017             0.031     67.0    
2023 11 10 00 30 42 208.100    DROA    SY            -0.002            -0.004     67.0    
2023 11 10 00 30 44 208.100    DROA    SY            -0.016            -0.030     67.0    
2023 11 10 00 30 46 208.100    DROA    SY             0.005             0.010     67.0    
2023 11 10 00 30 48 208.100    DROA    SY             0.007             0.013     67.0    
2023 11 10 00 30 50 208.100    DROA    SY            -0.017            -0.031     67.0    
2023 11 10 00 30 52 208.100    DROA    SY            -0.006            -0.011     67.0    
2023 11 10 00 30 54 208.100    DROA    SY             0.009             0.017     67.0    
2023 11 10 00 30 56 208.100    DROA    SY             0.001             0.001     67.0    
2023 11 10 00 30 58 208.100    DROA    SY             0.007             0.014     67.0    
2023 11 10 00 31 00 208.100    DROA    SY             0.005             0.010     67.0    
2023 11 10 00 31 02 208.100    DROA    SY             0.006             0.011     67.0    
2023 11 10 00 31 04 208.100    DROA    SY             0.008             0.015     67.0    
2023 11 10 00 31 06 208.100    DROA    SY             0.003             0.006     67.0    
2023 11 10 00 31 08 208.100    DROA    SY            -0.011            -0.020     67.0    
2023 11 10 00 31 10 208.100    DROA    SY             0.004             0.008     67.0    
2023 11 10 00 31 12 208.100    DROA    SY             0.006             0.012     67.0    
2023 11 10 00 31 14 208.100    DROA    SY            -0.013            -0.023     67.0    
2023 11 10 00 31 16 208.100    DROA    SY            -0.007            -0.012     67.0    
2023 11 10 00 31 18 208.100    DROA    SY             0.007             0.013     67.0    
2023 11 10 00 31 20 208.100    DROA    SY            -0.006            -0.011     67.0    
2023 11 10 00 31 22 208.100    DROA    SY             0.012             0.022     67.0    
2023 11 10 00 31 24 208.100    DROA    SY             0.003             0.005     67.0    
2023 11 10 00 31 26 208.100    DROA    SY             0.004             0.008     67.0    
2023 11 10 00 31 28 208.100    DROA    SY             0.008             0.014     67.0    
2023 11 10 00 31 30 208.100    DROA    SY             0.004             0.007     67.0    
2023 11 10 00 31 32 208.100    DROA    SY             0.014             0.025     67.0    
2023 11 10 00 31 34 208.100    DROA    SY            -0.019            -0.034     67.0    
2023 11 10 00 31 36 208.100    DROA    SY             0.007             0.012     67.0    
2023 11 10 00 31 38 208.100    DROA    SY            -0.019            -0.035     67.0    
2023 11 10 00 31 40 208.100    DROA    SY             0.010             0.017     67.0    
2023 11 10 00 31 42 208.100    DROA    SY             0.002             0.003     67.0    
2023 11 10 00 31 44 208.100    DROA    SY             0.006             0.011     67.0    
2023 11 10 00 31 46 208.100    DROA    SY            -0.010            -0.018     67.0    
2023 11 10 00 31 48 208.100    DROA    SY             0.003             0.005     67.0    
2023 11 10 00 31 50 208.100    DROA    SY             0.007             0.014     67.0    
2023 11 10 00 31 52 208.100    DROA    SY            -0.001            -0.002     67.0    
2023 11 10 00 31 54 208.100    DROA    SY            -0.002            -0.004     67.0    
2023 11 10 00 31 56 208.100    DROA    SY            -0.009            -0.017     67.0    
2023 11 10 00 31 58 208.100    DROA    SY            -0.004            -0.007     67.0    
2023 11 10 00 32 00 208.100    DROA    SY             0.011             0.021     67.0    
2023 11 10 00 32 02 208.100    DROA    SY             0.017             0.030     67.0    
2023 11 10 00 32 04 208.100    DROA    SY            -0.001            -0.003     67.0    
2023 11 10 00 32 06 208.100    DROA    SY            -0.008            -0.015     67.0    
2023 11 10 00 32 08 208.100    DROA    SY            -0.005            -0.010     67.0    
2023 11 10 00 32 10 208.100    DROA    SY             0.010             0.018     67.0    
2023 11 10 00 32 12 208.100    DROA    SY            -0.010            -0.018     67.0    
2023 11 10 00 32 14 208.100    DROA    SY            -0.003            -0.005     67.0    
2023 11 10 00 32 16 208.100    DROA    SY             0.002             0.003     67.0    
2023 11 10 00 32 18 208.100    DROA    SY            -0.010            -0.019     67.0    
2023 11 10 00 32 20 208.100    DROA    SY             0.017             0.032     67.0    
2023 11 10 00 32 22 208.100    DROA    SY            -0.018            -0.033     68.0    
2023 11 10 00 32 24 208.100    DROA    SY            -0.002            -0.003     67.0    
2023 11 10 00 32 26 208.100    DROA    SY             0.002             0.004     67.0    
2023 11 10 00 32 28 208.100    DROA    SY             0.004             0.008     67.0    
2023 11 10 00 32 30 208.100    DROA    SY            -0.001            -0.001     67.0    
2023 11 10 00 32 32 208.100    DROA    SY            -0.009            -0.017     67.0    
2023 11 10 00 32 34 208.100    DROA    SY             0.002             0.004     67.0    
2023 11 10 00 32 36 208.100    DROA    SY            -0.003            -0.005     66.0    
2023 11 10 00 32 38 208.100    DROA    SY             0.017             0.031     67.0    
2023 11 10 00 32 40 208.100    DROA    SY            -0.014            -0.025     67.0    
2023 11 10 00 32 42 208.100    DROA    SY            -0.019            -0.035     67.0    
2023 11 10 00 32 44 208.100    DROA    SY             0.013             0.024     67.0    
2023 11 10 00 32 46 208.100    DROA    SY             0.009             0.017     67.0    
2023 11 10 00 32 48 208.100    DROA    SY            -0.007            -0.013     67.0    
2023 11 10 00 32 50 208.100    DROA    SY             0.009             0.016     67.0    
2023 11 10 00 32 52 208.100    DROA    SY             0.016             0.030     67.0    
2023 11 10 00 32 54 208.100    DROA    SY             0.001             0.001     67.0    
2023 11 10 00 32 56 208.100    DROA    SY            -0.010            -0.018     67.0    
2023 11 10 00 32 58 208.100    DROA    SY             0.005             0.009     67.0    
2023 11 10 00 33 00 208.100    DROA    SY            -0.007            -0.014     67.0    
2023 11 10 00 33 02 208.100    DROA    SY             0.003             0.005     67.0    
2023 11 10 00 33 04 208.100    DROA    SY            -0.000            -0.000     67.0    
2023 11 10 00 33 06 208.100    DROA    SY            -0.006            -0.011     67.0    
2023 11 10 00 33 08 208.100    DROA    SY            -0.002            -0.003     67.0    
2023 11 10 00 33 10 208.100    DROA    SY             0.002             0.004     67.0    
2023 11 10 00 33 12 208.100    DROA    SY            -0.009            -0.016     67.0    
2023 11 10 00 33 14 208.100    DROA    SY             0.014             0.026     67.0    
2023 11 10 00 33 16 208.100    DROA    SY            -0.001            -0.002     67.0    
2023 11 10 00 33 18 208.100    DROA    SY             0.002             0.004     67.0    
2023 11 10 00 33 20 208.100    DROA    SY            -0.015            -0.027     67.0    
2023 11 10 00 33 22 208.100    DROA    SY             0.015             0.027     67.0    
2023 11 10 00 33 24 208.100    DROA    SY            -0.009            -0.017     67.0    
2023 11 10 00 33 26 208.100    DROA    SY             0.018             0.032     67.0    
2023 11 10 00 33 28 208.100    DROA    SY            -0.005            -0.009     68.0    
2023 11 10 00 33 30 208.100    DROA    SY            -0.000            -0.001     67.0    
2023 11 10 00 33 32 208.100    DROA    SY             0.007             0.012     67.0    
2023 11 10 00 33 34 208.100    DROA    SY            -0.005            -0.009     67.0    
2023 11 10 00 33 36 208.100    DROA    SY            -0.011            -0.019     67.0    
2023 11 10 00 33 38 208.100    DROA    SY            -0.008            -0.014     67.0    
2023 11 10 00 33 40 208.100    DROA    SY             0.002             0.003     68.0    
2023 11 10 00 33 42 208.100    DROA    SY             0.012             0.021     66.0    
2023 11 10 00 33 44 208.100    DROA    SY            -0.009            -0.017     67.0    
2023 11 10 00 33 46 208.100    DROA    SY            -0.004            -0.008     67.0    
2023 11 10 00 33 48 208.100    DROA    SY            -0.001            -0.001     67.0    
2023 11 10 00 33 50 208.100    DROA    SY             0.008             0.014     67.0    
2023 11 10 00 33 52 208.100    DROA    SY             0.002             0.003     67.0    
2023 11 10 00 33 54 208.100    DROA    SY            -0.012            -0.023     67.0    
2023 11 10 00 33 56 208.100    DROA    SY             0.009             0.017     67.0    
2023 11 10 00 33 58 208.100    DROA    SY            -0.013            -0.023     67.0    
2023 11 10 00 34 00 208.100    DROA    SY             0.010             0.018     67.0    
2023 11 10 00 34 02 208.100    DROA    SY            -0.014            -0.026     67.0    
2023 11 10 00 34 04 208.100    DROA    SY             0.001             0.002     67.0    
2023 11 10 00 34 06 208.100    DROA    SY             0.004             0.008     67.0    
2023 11 10 00 34 08 208.100    DROA    SY             0.001             0.001     67.0    
2023 11 10 00 34 10 208.100    DROA    SY            -0.012            -0.021     68.0    
2023 11 10 00 34 12 208.100    DROA    SY             0.013             0.024     68.0    
2023 11 10 00 34 14 208.100    DROA    SY             0.003             0.006     67.0    
2023 11 10 00 34 16 208.100    DROA    SY             0.004             0.008     67.0    
2023 11 10 00 34 18 208.100    DROA    SY            -0.011            -0.019     67.0    
2023 11 10 00 34 20 208.100    DROA    SY             0.009             0.017     67.0    
2023 11 10 00 34 22 208.100    DROA    SY            -0.000            -0.000     67.0    
2023 11 10 00 34 24 208.100    DROA    SY            -0.015            -0.027     66.0    
2023 11 10 00 34 26 208.100    DROA    SY             0.002             0.004     66.0    
2023 11 10 00 34 28 208.100    DROA    SY             0.007             0.013     66.0    
2023 11 10 00 34 30 208.100    DROA    SY             0.002             0.003     66.0    
2023 11 10 00 34 32 208.100    DROA    SY             0.000             0.000     67.0    
2023 11 10 00 34 34 208.100    DROA    SY            -0.010            -0.018     67.0    
2023 11 10 00 34 36 208.100    DROA    SY            -0.006            -0.012     67.0    
2023 11 10 00 34 38 208.100    DROA    SY             0.009             0.017     66.0    
2023 11 10 00 34 40 208.100    DROA    SY             0.008             0.015     67.0    
2023 11 10 00 34 42 208.100    DROA    SY             0.004             0.007     67.0    
2023 11 10 00 34 44 208.100    DROA    SY            -0.005            -0.009     67.0    
2023 11 10 00 34 46 208.100    DROA    SY            -0.011            -0.020     67.0    
2023 11 10 00 34 48 208.100    DROA    SY             0.010             0.018     67.0    
2023 11 10 00 34 50 208.100    DROA    SY            -0.007            -0.012     67.0    
2023 11 10 00 34 52 208.100    DROA    SY             0.001             0.001     67.0    
2023 11 10 00 34 54 208.100    DROA    SY             0.011             0.020     67.0    
2023 11 10 00 34 56 208.100    DROA    SY            -0.004            -0.007     67.0    
2023 11 10 00 34 58 208.100    DROA    SY            -0.007            -0.012     67.0    
2023 11 10 00 35 00 208.100    DROA    SY             0.002             0.004     67.0    
2023 11 10 00 35 02 208.100    DROA    SY             0.003             0.005     67.0    
2023 11 10 00 35 04 208.100    DROA    SY            -0.011            -0.021     67.0    
2023 11 10 00 35 06 208.100    DROA    SY             0.001             0.002     67.0    
2023 11 10 00 35 08 208.100    DROA    SY            -0.004            -0.007     67.0    
2023 11 10 00 35 10 208.100    DROA    SY             0.011             0.021     67.0    
2023 11 10 00 35 12 208.100    DROA    SY            -0.003            -0.005     67.0    
2023 11 10 00 35 14 208.100    DROA    SY            -0.009            -0.016     67.0    
2023 11 10 00 35 16 208.100    DROA    SY            -0.004            -0.008     67.0    
2023 11 10 00 35 18 208.100    DROA    SY             0.013             0.023     68.0    
2023 11 10 00 35 20 208.100    DROA    SY            -0.009            -0.017     67.0    
2023 11 10 00 35 22 208.100    DROA    SY            -0.007            -0.012     67.0    
2023 11 10 00 35 24 208.100    DROA    SY            -0.005            -0.009     67.0    
2023 11 10 00 35 26 208.100    DROA    SY             0.009             0.017     67.0    
2023 11 10 00 35 28 208.100    DROA    SY            -0.006            -0.011     67.0    
2023 11 10 00 35 30 208.100    DROA    SY             0.004             0.008     67.0    
2023 11 10 00 35 32 208.100    DROA    SY            -0.001            -0.002     67.0    
2023 11 10 00 35 34 208.100    DROA    SY            -0.013            -0.024     67.0    
2023 11 10 00 35 36 208.100    DROA    SY             0.009             0.017     67.0    
2023 11 10 00 35 38 208.100    DROA    SY            -0.001            -0.001     68.0    
2023 11 10 00 35 40 208.100    DROA    SY            -0.004            -0.008     68.0    
2023 11 10 00 35 42 208.100    DROA    SY             0.005             0.009     68.0    
2023 11 10 00 35 44 208.100    DROA    SY            -0.006            -0.011     67.0    
2023 11 10 00 35 46 208.100    DROA    SY            -0.002            -0.004     67.0    
2023 11 10 00 35 48 208.100    DROA    SY             0.000             0.001     68.0    
2023 11 10 00 35 50 208.100    DROA    SY            -0.013            -0.024     68.0    
2023 11 10 00 35 52 208.100    DROA    SY             0.001             0.002     68.0    
2023 11 10 00 35 54 208.100    DROA    SY            -0.021            -0.037     67.0    
2023 11 10 00 35 56 208.100    DROA    SY             0.004             0.007     68.0    
2023 11 10 00 35 58 208.100    DROA    SY             0.005             0.008     67.0    
2023 11 10 00 36 00 208.100    DROA    SY             0.002             0.003     67.0    
2023 11 10 00 36 02 208.100    DROA    SY             0.005             0.009     67.0    
2023 11 10 00 36 04 208.100    DROA    SY            -0.002            -0.003     67.0    
2023 11 10 00 36 06 208.100    DROA    SY             0.012             0.022     67.0    
2023 11 10 00 36 08 208.100    DROA    SY            -0.009            -0.016     67.0    
2023 11 10 00 36 10 208.100    DROA    SY             0.007             0.013     67.0    
2023 11 10 00 36 12 208.100    DROA    SY            -0.004            -0.008     67.0    
2023 11 10 00 36 14 208.100    DROA    SY             0.006             0.011     67.0    
2023 11 10 00 36 16 208.100    DROA    SY            -0.002            -0.003     67.0    
2023 11 10 00 36 18 208.100    DROA    SY            -0.013            -0.023     67.0    
2023 11 10 00 36 20 208.100    DROA    SY            -0.005            -0.009     67.0    
2023 11 10 00 36 22 208.100    DROA    SY            -0.000            -0.000     67.0    
2023 11 10 00 36 24 208.100    DROA    SY             0.002             0.004     67.0    
2023 11 10 00 36 26 208.100    DROA    SY            -0.001            -0.002     67.0    
2023 11 10 00 36 28 208.100    DROA    SY            -0.002            -0.004     67.0    
2023 11 10 00 36 30 208.100    DROA    SY             0.005             0.009     67.0    
2023 11 10 00 36 32 208.100    DROA    SY             0.010             0.018     67.0    
2023 11 10 00 36 34 208.100    DROA    SY             0.001             0.001     66.0    
2023 11 10 00 36 36 208.100    DROA    SY            -0.008            -0.015     67.0    
2023 11 10 00 36 38 208.100    DROA    SY            -0.008            -0.015     67.0    
2023 11 10 00 36 40 208.100    DROA    SY             0.003             0.005     67.0    
2023 11 10 00 36 42 208.100    DROA    SY             0.012             0.022     66.0    
2023 11 10 00 36 44 208.100    DROA    SY             0.000             0.000     67.0    
2023 11 10 00 36 46 208.100    DROA    SY             0.003             0.006     67.0    
2023 11 10 00 36 48 208.100    DROA    SY            -0.013            -0.025     67.0    
2023 11 10 00 36 50 208.100    DROA    SY             0.000             0.000     67.0    
2023 11 10 00 36 52 208.100    DROA    SY            -0.007            -0.013     67.0    
2023 11 10 00 36 54 208.100    DROA    SY             0.007             0.012     67.0    
2023 11 10 00 36 56 208.100    DROA    SY             0.003             0.005     67.0    
2023 11 10 00 36 58 208.100    DROA    SY             0.006             0.011     67.0    
2023 11 10 00 37 00 208.100    DROA    SY            -0.015            -0.027     66.0    
2023 11 10 00 37 02 208.100    DROA    SY             0.004             0.007     66.0    
2023 11 10 00 37 04 208.100    DROA    SY            -0.007            -0.012     67.0    
2023 11 10 00 37 06 208.100    DROA    SY             0.012             0.022     67.0    
2023 11 10 00 37 08 208.100    DROA    SY            -0.015            -0.027     66.0    
2023 11 10 00 37 10 208.100    DROA    SY             0.001             0.002     66.0    
2023 11 10 00 37 12 208.100    DROA    SY             0.007             0.013     66.0    
2023 11 10 00 37 14 208.100    DROA    SY             0.001             0.003     66.0    
2023 11 10 00 37 16 208.100    DROA    SY            -0.007            -0.013     66.0    
2023 11 10 00 37 18 208.100    DROA    SY             0.000             0.000     66.0    
2023 11 10 00 37 20 208.100    DROA    SY             0.011             0.020     67.0    
2023 11 10 00 37 22 208.100    DROA    SY            -0.017            -0.031     67.0    
2023 11 10 00 37 24 208.100    DROA    SY             0.009             0.017     66.0    
2023 11 10 00 37 26 208.100    DROA    SY            -0.009            -0.017     67.0    
2023 11 10 00 37 28 208.100    DROA    SY            -0.001            -0.001     67.0    
2023 11 10 00 37 30 208.100    DROA    SY             0.014             0.026     67.0    
2023 11 10 00 37 32 208.100    DROA    SY             0.006             0.011     67.0    
2023 11 10 00 37 34 208.100    DROA    SY            -0.008            -0.015     67.0    
2023 11 10 00 37 36 208.100    DROA    SY             0.010             0.018     67.0    
2023 11 10 00 37 38 208.100    DROA    SY            -0.017            -0.030     67.0    
2023 11 10 00 37 40 208.100    DROA    SY            -0.000            -0.000     67.0    
2023 11 10 00 37 42 208.100    DROA    SY             0.015             0.028     67.0    
2023 11 10 00 37 44 208.100    DROA    SY            -0.010            -0.017     67.0    
2023 11 10 00 37 46 208.100    DROA    SY             0.003             0.005     67.0    
2023 11 10 00 37 48 208.100    DROA    SY            -0.002            -0.003     67.0    
2023 11 10 00 37 50 208.100    DROA    SY            -0.006            -0.011     67.0    
2023 11 10 00 37 52 208.100    DROA    SY            -0.004            -0.008     67.0    
2023 11 10 00 37 54 208.100    DROA    SY             0.003             0.006     66.0    
2023 11 10 00 37 56 208.100    DROA    SY            -0.006            -0.011     67.0    
2023 11 10 00 37 58 208.100    DROA    SY             0.002             0.003     67.0    
2023 11 10 00 38 00 208.100    DROA    SY             0.012             0.022     67.0    
2023 11 10 00 38 02 208.100    DROA    SY            -0.016            -0.029     67.0    
2023 11 10 00 38 04 208.100    DROA    SY             0.002             0.003     67.0    
2023 11 10 00 38 06 208.100    DROA    SY            -0.006            -0.011     67.0    
2023 11 10 00 38 08 208.100    DROA    SY            -0.003            -0.006     67.0    
2023 11 10 00 38 10 208.100    DROA    SY             0.013             0.023     68.0    
2023 11 10 00 38 12 208.100    DROA    SY            -0.007            -0.012     67.0    
2023 11 10 00 38 14 208.100    DROA    SY            -0.002            -0.003     66.0    
2023 11 10 00 38 16 208.100    DROA    SY            -0.003            -0.006     66.0    
2023 11 10 00 38 18 208.100    DROA    SY             0.013             0.025     67.0    
2023 11 10 00 38 20 208.100    DROA    SY            -0.006            -0.012     67.0    
2023 11 10 00 38 22 208.100    DROA    SY            -0.004            -0.007     66.0    
2023 11 10 00 38 24 208.100    DROA    SY            -0.008            -0.014     66.0    
2023 11 10 00 38 26 208.100    DROA    SY            -0.004            -0.007     66.0    
2023 11 10 00 38 28 208.100    DROA    SY            -0.008            -0.015     66.0    
2023 11 10 00 38 30 208.100    DROA    SY             0.014             0.026     66.0    
2023 11 10 00 38 32 208.100    DROA    SY             0.007             0.014     67.0    
2023 11 10 00 38 34 208.100    DROA    SY             0.001             0.001     67.0    
2023 11 10 00 38 36 208.100    DROA    SY             0.016             0.028     67.0    
2023 11 10 00 38 38 208.100    DROA    SY             0.005             0.009     67.0    
2023 11 10 00 38 40 208.100    DROA    SY            -0.007            -0.014     67.0    
2023 11 10 00 38 42 208.100    DROA    SY            -0.005            -0.009     67.0    
2023 11 10 00 38 44 208.100    DROA    SY            -0.011            -0.021     67.0    
2023 11 10 00 38 46 208.100    DROA    SY             0.000             0.000     68.0    
2023 11 10 00 38 48 208.100    DROA    SY             0.000             0.001     67.0    
2023 11 10 00 38 50 208.100    DROA    SY            -0.011            -0.021     68.0    
2023 11 10 00 38 52 208.100    DROA    SY             0.011             0.020     67.0    
2023 11 10 00 38 54 208.100    DROA    SY            -0.004            -0.007     67.0    
2023 11 10 00 38 56 208.100    DROA    SY            -0.002            -0.004     68.0    
2023 11 10 00 38 58 208.100    DROA    SY             0.003             0.006     68.0    
2023 11 10 00 39 00 208.100    DROA    SY             0.003             0.006     67.0    
2023 11 10 00 39 02 208.100    DROA    SY            -0.004            -0.008     68.0    
2023 11 10 00 39 04 208.100    DROA    SY            -0.016            -0.029     67.0    
2023 11 10 00 39 06 208.100    DROA    SY             0.003             0.005     67.0    
2023 11 10 00 39 08 208.100    DROA    SY            -0.001            -0.001     67.0    
2023 11 10 00 39 10 208.100    DROA    SY            -0.007            -0.013     66.0    
2023 11 10 00 39 12 208.100    DROA    SY            -0.005            -0.009     66.0    
2023 11 10 00 39 14 208.100    DROA    SY             0.004             0.008     66.0    
2023 11 10 00 39 16 208.100    DROA    SY             0.001             0.001     67.0    
2023 11 10 00 39 18 208.100    DROA    SY            -0.001            -0.002     67.0    
2023 11 10 00 39 20 208.100    DROA    SY            -0.000            -0.001     67.0    
2023 11 10 00 39 22 208.100    DROA    SY             0.003             0.005     67.0    
2023 11 10 00 39 24 208.100    DROA    SY             0.001             0.002     67.0    
2023 11 10 00 39 26 208.100    DROA    SY            -0.012            -0.022     67.0    
2023 11 10 00 39 28 208.100    DROA    SY             0.015             0.026     67.0    
2023 11 10 00 39 30 208.100    DROA    SY            -0.005            -0.009     67.0    
2023 11 10 00 39 32 208.100    DROA    SY             0.008             0.015     67.0    
2023 11 10 00 39 34 208.100    DROA    SY            -0.004            -0.008     67.0    
2023 11 10 00 39 36 208.100    DROA    SY            -0.022            -0.040     67.0    
2023 11 10 00 39 38 208.100    DROA    SY             0.011             0.021     67.0    
2023 11 10 00 39 40 208.100    DROA    SY             0.004             0.006     67.0    
2023 11 10 00 39 42 208.100    DROA    SY             0.004             0.007     67.0    
2023 11 10 00 39 44 208.100    DROA    SY            -0.000            -0.001     67.0    
2023 11 10 00 39 46 208.100    DROA    SY             0.013             0.025     68.0    
2023 11 10 00 39 48 208.100    DROA    SY             0.000             0.001     67.0    
2023 11 10 00 39 50 208.100    DROA    SY            -0.011            -0.019     67.0    
2023 11 10 00 39 52 208.100    DROA    SY             0.002             0.003     67.0    
2023 11 10 00 39 54 208.100    DROA    SY             0.008             0.014     67.0    
2023 11 10 00 39 56 208.100    DROA    SY             0.003             0.005     67.0    
2023 11 10 00 39 58 208.100    DROA    SY            -0.022            -0.041     67.0    
2023 11 10 00 40 00 208.100    DROA    SY            -0.002            -0.004     68.0    
2023 11 10 00 40 02 208.100    DROA    SY             0.003             0.005     68.0    
2023 11 10 00 40 04 208.100    DROA    SY            -0.022            -0.039     67.0    
2023 11 10 00 40 06 208.100    DROA    SY             0.012             0.021     67.0    
2023 11 10 00 40 08 208.100    DROA    SY            -0.012            -0.021     68.0    
2023 11 10 00 40 10 208.100    DROA    SY             0.005             0.009     68.0    
2023 11 10 00 40 12 208.100    DROA    SY             0.015             0.027     68.0    
2023 11 10 00 40 14 208.100    DROA    SY             0.004             0.007     68.0    
2023 11 10 00 40 16 208.100    DROA    SY            -0.006            -0.010     68.0    
2023 11 10 00 40 18 208.100    DROA    SY            -0.003            -0.006     67.0    
2023 11 10 00 40 20 208.100    DROA    SY            -0.011            -0.019     68.0    
2023 11 10 00 40 22 208.100    DROA    SY             0.023             0.041     68.0    
2023 11 10 00 40 24 208.100    DROA    SY             0.012             0.021     68.0    
2023 11 10 00 40 26 208.100    DROA    SY            -0.023            -0.041     68.0    
2023 11 10 00 40 28 208.100    DROA    SY            -0.000            -0.001     67.0    
2023 11 10 00 40 30 208.100    DROA    SY             0.014             0.026     67.0    
2023 11 10 00 40 32 208.100    DROA    SY            -0.010            -0.019     68.0    
2023 11 10 00 40 34 208.100    DROA    SY            -0.002            -0.003     68.0    
2023 11 10 00 40 36 208.100    DROA    SY            -0.011            -0.020     67.0    
2023 11 10 00 40 38 208.100    DROA    SY             0.009             0.015     67.0    
2023 11 10 00 40 40 208.100    DROA    SY             0.011             0.019     67.0    
2023 11 10 00 40 42 208.100    DROA    SY             0.002             0.003     67.0    
2023 11 10 00 40 44 208.100    DROA    SY            -0.004            -0.007     67.0    
2023 11 10 00 40 46 208.100    DROA    SY             0.019             0.035     68.0    
2023 11 10 00 40 48 208.100    DROA    SY            -0.005            -0.010     67.0    
2023 11 10 00 40 50 208.100    DROA    SY             0.006             0.011     67.0    
2023 11 10 00 40 52 208.100    DROA    SY             0.006             0.011     67.0    
2023 11 10 00 40 54 208.100    DROA    SY            -0.007            -0.012     67.0    
2023 11 10 00 40 56 208.100    DROA    SY            -0.007            -0.012     67.0    
2023 11 10 00 40 58 208.100    DROA    SY            -0.011            -0.019     67.0    
2023 11 10 00 41 00 208.100    DROA    SY            -0.005            -0.009     67.0    
2023 11 10 00 41 02 208.100    DROA    SY             0.008             0.015     67.0    
2023 11 10 00 41 04 208.100    DROA    SY             0.001             0.001     67.0    
2023 11 10 00 41 06 208.100    DROA    SY            -0.010            -0.019     67.0    
2023 11 10 00 41 08 208.100    DROA    SY            -0.001            -0.001     68.0    
2023 11 10 00 41 10 208.100    DROA    SY             0.013             0.024     68.0    
2023 11 10 00 41 12 208.100    DROA    SY            -0.002            -0.004     67.0    
2023 11 10 00 41 14 208.100    DROA    SY            -0.003            -0.006     67.0    
2023 11 10 00 41 16 208.100    DROA    SY            -0.004            -0.008     68.0    
2023 11 10 00 41 18 208.100    DROA    SY             0.001             0.001     67.0    
2023 11 10 00 41 20 208.100    DROA    SY             0.009             0.016     68.0    
2023 11 10 00 41 22 208.100    DROA    SY            -0.005            -0.010     68.0    
2023 11 10 00 41 24 208.100    DROA    SY             0.007             0.012     68.0    
2023 11 10 00 41 26 208.100    DROA    SY            -0.008            -0.015     67.0    
2023 11 10 00 41 28 208.100    DROA    SY            -0.000            -0.000     68.0    
2023 11 10 00 41 30 208.100    DROA    SY             0.009             0.017     67.0    
2023 11 10 00 41 32 208.100    DROA    SY            -0.009            -0.017     67.0    
2023 11 10 00 41 34 208.100    DROA    SY            -0.012            -0.021     67.0    
2023 11 10 00 41 36 208.100    DROA    SY            -0.004            -0.008     68.0    
2023 11 10 00 41 38 208.100    DROA    SY            -0.003            -0.006     67.0    
2023 11 10 00 41 40 208.100    DROA    SY            -0.000            -0.000     67.0    
2023 11 10 00 41 42 208.100    DROA    SY            -0.000            -0.000     67.0    
2023 11 10 00 41 44 208.100    DROA    SY            -0.006            -0.010     67.0    
2023 11 10 00 41 46 208.100    DROA    SY             0.025             0.045     66.0    
2023 11 10 00 41 48 208.100    DROA    SY             0.000             0.000     67.0    
2023 11 10 00 41 50 208.100    DROA    SY             0.007             0.012     67.0    
2023 11 10 00 41 52 208.100    DROA    SY             0.004             0.008     67.0    
2023 11 10 00 41 54 208.100    DROA    SY            -0.003            -0.005     67.0    
2023 11 10 00 41 56 208.100    DROA    SY            -0.000            -0.001     67.0    
2023 11 10 00 41 58 208.100    DROA    SY            -0.003            -0.005     67.0    
2023 11 10 00 42 00 208.100    DROA    SY             0.002             0.004     67.0    
2023 11 10 00 42 02 208.100    DROA    SY            -0.001            -0.002     67.0    
2023 11 10 00 42 04 208.100    DROA    SY             0.001             0.001     67.0    
2023 11 10 00 42 06 208.100    DROA    SY            -0.004            -0.008     67.0    
2023 11 10 00 42 08 208.100    DROA    SY            -0.007            -0.013     67.0    
2023 11 10 00 42 10 208.100    DROA    SY             0.007             0.012     67.0    
2023 11 10 00 42 12 208.100    DROA    SY             0.007             0.014     67.0    
2023 11 10 00 42 14 208.100    DROA    SY            -0.016            -0.030     67.0    
2023 11 10 00 42 16 208.100    DROA    SY            -0.001            -0.001     67.0    
2023 11 10 00 42 18 208.100    DROA    SY            -0.011            -0.020     67.0    
2023 11 10 00 42 20 208.100    DROA    SY             0.013             0.023     67.0    
2023 11 10 00 42 22 208.100    DROA    SY            -0.000            -0.001     67.0    
2023 11 10 00 42 24 208.100    DROA    SY             0.005             0.009     67.0    
2023 11 10 00 42 26 208.100    DROA    SY            -0.003            -0.006     67.0    
2023 11 10 00 42 28 208.100    DROA    SY             0.002             0.003     67.0    
2023 11 10 00 42 30 208.100    DROA    SY             0.003             0.005     67.0    
2023 11 10 00 42 32 208.100    DROA    SY            -0.028            -0.050     67.0    
2023 11 10 00 42 34 208.100    DROA    SY             0.003             0.005     67.0    
2023 11 10 00 42 36 208.100    DROA    SY             0.005             0.010     67.0    
2023 11 10 00 42 38 208.100    DROA    SY             0.011             0.021     67.0    
2023 11 10 00 42 40 208.100    DROA    SY            -0.006            -0.012     67.0    
2023 11 10 00 42 42 208.100    DROA    SY             0.004             0.007     67.0    
2023 11 10 00 42 44 208.100    DROA    SY             0.027             0.049     67.0    
2023 11 10 00 42 46 208.100    DROA    SY            -0.007            -0.012     67.0    
2023 11 10 00 42 48 208.100    DROA    SY            -0.006            -0.012     67.0    
2023 11 10 00 42 50 208.100    DROA    SY             0.003             0.006     67.0    
2023 11 10 00 42 52 208.100    DROA    SY             0.004             0.008     67.0    
2023 11 10 00 42 54 208.100    DROA    SY            -0.008            -0.015     67.0    
2023 11 10 00 42 56 208.100    DROA    SY             0.006             0.010     68.0    
2023 11 10 00 42 58 208.100    DROA    SY            -0.009            -0.017     68.0    
2023 11 10 00 43 00 208.100    DROA    SY            -0.000            -0.000     67.0    
2023 11 10 00 43 02 208.100    DROA    SY             0.002             0.004     67.0    
2023 11 10 00 43 04 208.100    DROA    SY             0.004             0.008     67.0    
2023 11 10 00 43 06 208.100    DROA    SY            -0.014            -0.026     68.0    
2023 11 10 00 43 08 208.100    DROA    SY             0.004             0.007     67.0    
2023 11 10 00 43 10 208.100    DROA    SY            -0.008            -0.015     67.0    
2023 11 10 00 43 12 208.100    DROA    SY            -0.010            -0.019     67.0    
2023 11 10 00 43 14 208.100    DROA    SY             0.012             0.021     68.0    
2023 11 10 00 43 16 208.100    DROA    SY            -0.013            -0.024     67.0    
2023 11 10 00 43 18 208.100    DROA    SY            -0.001            -0.001     67.0    
2023 11 10 00 43 20 208.100    DROA    SY            -0.001            -0.002     67.0    
2023 11 10 00 43 22 208.100    DROA    SY            -0.006            -0.011     67.0    
2023 11 10 00 43 24 208.100    DROA    SY            -0.007            -0.014     67.0    
2023 11 10 00 43 26 208.100    DROA    SY             0.010             0.018     67.0    
2023 11 10 00 43 28 208.100    DROA    SY             0.011             0.021     67.0    
2023 11 10 00 43 30 208.100    DROA    SY             0.014             0.026     67.0    
2023 11 10 00 43 32 208.100    DROA    SY            -0.002            -0.003     67.0    
2023 11 10 00 43 34 208.100    DROA    SY            -0.000            -0.001     67.0    
2023 11 10 00 43 36 208.100    DROA    SY             0.000             0.000     67.0    
2023 11 10 00 43 38 208.100    DROA    SY             0.002             0.004     68.0    
2023 11 10 00 43 40 208.100    DROA    SY            -0.006            -0.011     67.0    
2023 11 10 00 43 42 208.100    DROA    SY             0.001             0.002     67.0    
2023 11 10 00 43 44 208.100    DROA    SY             0.001             0.002     67.0    
2023 11 10 00 43 46 208.100    DROA    SY            -0.001            -0.001     67.0    
2023 11 10 00 43 48 208.100    DROA    SY            -0.012            -0.022     67.0    
2023 11 10 00 43 50 208.100    DROA    SY             0.013             0.023     67.0    
2023 11 10 00 43 52 208.100    DROA    SY             0.001             0.001     66.0    
2023 11 10 00 43 54 208.100    DROA    SY            -0.001            -0.002     67.0    
2023 11 10 00 43 56 208.100    DROA    SY            -0.001            -0.001     67.0    
2023 11 10 00 43 58 208.100    DROA    SY            -0.015            -0.026     67.0    
2023 11 10 00 44 00 208.100    DROA    SY             0.001             0.001     67.0    
2023 11 10 00 44 02 208.100    DROA    SY            -0.008            -0.014     67.0    
2023 11 10 00 44 04 208.100    DROA    SY            -0.007            -0.012     67.0    
2023 11 10 00 44 06 208.100    DROA    SY             0.001             0.003     67.0    
2023 11 10 00 44 08 208.100    DROA    SY            -0.009            -0.017     67.0    
2023 11 10 00 44 10 208.100    DROA    SY             0.004             0.007     67.0    
2023 11 10 00 44 12 208.100    DROA    SY             0.011             0.019     67.0    
2023 11 10 00 44 14 208.100    DROA    SY            -0.003            -0.005     67.0    
2023 11 10 00 44 16 208.100    DROA    SY             0.021             0.037     67.0    
2023 11 10 00 44 18 208.100    DROA    SY            -0.006            -0.011     67.0    
2023 11 10 00 44 20 208.100    DROA    SY             0.003             0.005     67.0    
2023 11 10 00 44 22 208.100    DROA    SY            -0.011            -0.020     67.0    
2023 11 10 00 44 24 208.100    DROA    SY             0.003             0.005     67.0    
2023 11 10 00 44 26 208.100    DROA    SY             0.004             0.008     67.0    
2023 11 10 00 44 28 208.100    DROA    SY             0.005             0.008     67.0    
2023 11 10 00 44 30 208.100    DROA    SY             0.000             0.001     67.0    
2023 11 10 00 44 32 208.100    DROA    SY             0.008             0.015     67.0    
2023 11 10 00 44 34 208.100    DROA    SY            -0.002            -0.004     67.0    
2023 11 10 00 44 36 208.100    DROA    SY            -0.006            -0.011     67.0    
2023 11 10 00 44 38 208.100    DROA    SY            -0.005            -0.009     67.0    
2023 11 10 00 44 40 208.100    DROA    SY             0.005             0.009     67.0    
2023 11 10 00 44 42 208.100    DROA    SY            -0.006            -0.012     67.0    
2023 11 10 00 44 44 208.100    DROA    SY            -0.005            -0.010     67.0    
2023 11 10 00 44 46 208.100    DROA    SY            -0.007            -0.012     67.0    
2023 11 10 00 44 48 208.100    DROA    SY             0.013             0.024     67.0    
2023 11 10 00 44 50 208.100    DROA    SY             0.009             0.016     67.0    
2023 11 10 00 44 52 208.100    DROA    SY             0.010             0.019     67.0    
2023 11 10 00 44 54 208.100    DROA    SY            -0.012            -0.021     67.0    
2023 11 10 00 44 56 208.100    DROA    SY            -0.003            -0.005     67.0    
2023 11 10 00 44 58 208.100    DROA    SY             0.003             0.005     66.0    
2023 11 10 00 45 00 208.100    DROA    SY            -0.002            -0.003     67.0    
2023 11 10 00 45 02 208.100    DROA    SY            -0.011            -0.021     66.0    
2023 11 10 00 45 04 208.100    DROA    SY            -0.001            -0.002     67.0    
2023 11 10 00 45 06 208.100    DROA    SY             0.002             0.004     67.0    
2023 11 10 00 45 08 208.100    DROA    SY            -0.008            -0.015     67.0    
2023 11 10 00 45 10 208.100    DROA    SY            -0.011            -0.019     67.0    
2023 11 10 00 45 12 208.100    DROA    SY             0.010             0.019     67.0    
2023 11 10 00 45 14 208.100    DROA    SY             0.009             0.016     67.0    
2023 11 10 00 45 16 208.100    DROA    SY             0.008             0.015     67.0    
2023 11 10 00 45 18 208.100    DROA    SY            -0.002            -0.003     67.0    
2023 11 10 00 45 20 208.100    DROA    SY             0.006             0.011     68.0    
2023 11 10 00 45 22 208.100    DROA    SY            -0.004            -0.007     67.0    
2023 11 10 00 45 24 208.100    DROA    SY             0.003             0.005     67.0    
2023 11 10 00 45 26 208.100    DROA    SY            -0.004            -0.008     67.0    
2023 11 10 00 45 28 208.100    DROA    SY            -0.004            -0.007     67.0    
2023 11 10 00 45 30 208.100    DROA    SY            -0.000            -0.000     67.0    
2023 11 10 00 45 44 208.100    DROA    SY             0.001             0.001     67.0    
2023 11 10 00 45 46 208.100    DROA    SY             0.004             0.008     67.0    
2023 11 10 00 45 48 208.100    DROA    SY             0.016             0.028     67.0    
2023 11 10 00 45 50 208.100    DROA    SY            -0.007            -0.013     67.0    
2023 11 10 00 45 52 208.100    DROA    SY            -0.004            -0.007     66.0    
2023 11 10 00 45 54 208.100    DROA    SY             0.003             0.006     66.0    
2023 11 10 00 45 56 208.100    DROA    SY            -0.011            -0.020     67.0    
2023 11 10 00 45 58 208.100    DROA    SY             0.003             0.005     67.0    
2023 11 10 00 46 00 208.100    DROA    SY             0.007             0.013     67.0    
2023 11 10 00 46 02 208.100    DROA    SY            -0.009            -0.016     67.0    
2023 11 10 00 46 04 208.100    DROA    SY             0.001             0.001     67.0    
2023 11 10 00 46 06 208.100    DROA    SY            -0.004            -0.007     67.0    
