2023 11 10 00 56 28 208.100    DROA    SY             0.007             0.013     66.0    
2023 11 10 01 15 56 208.000    DROA    SY             0.010             0.019     66.0    
2023 11 10 01 16 12 208.000    DROA    SY             0.002             0.004     66.0    
2023 11 10 00 56 44 208.100    DROA    SY             0.002             0.004     66.0    
2023 11 10 00 57 00 208.100    DROA    SY            -0.002            -0.003     66.0    
2023 11 10 00 57 16 208.100    DROA    SY             0.011             0.020     66.0    
2023 11 10 00 57 32 208.100    DROA    SY             0.012             0.022     66.0    
2023 11 10 00 57 48 208.100    DROA    SY             0.006             0.010     66.0    
2023 11 10 00 58 04 208.000    DROA    SY             0.015             0.027     66.0    
2023 11 10 00 58 20 208.000    DROA    SY            -0.011            -0.019     66.0    
2023 11 10 00 58 36 208.000    DROA    SY             0.017             0.031     65.0    
2023 11 10 00 58 52 208.000    DROA    SY             0.007             0.013     66.0    
2023 11 10 00 59 08 208.000    DROA    SY             0.015             0.027     66.0    
2023 11 10 00 59 24 208.000    DROA    SY            -0.005            -0.010     66.0    
2023 11 10 00 59 40 208.000    DROA    SY             0.008             0.015     65.0    
2023 11 10 00 59 56 208.000    DROA    SY             0.001             0.002     66.0    
2023 11 10 01 00 12 208.000    DROA    SY             0.026             0.048     68.0    
2023 11 10 01 00 28 208.000    DROA    SY             0.014             0.025     66.0    
2023 11 10 01 00 44 208.000    DROA    SY            -0.004            -0.006     65.0    
2023 11 10 01 01 00 208.000    DROA    SY             0.000             0.000     66.0    
2023 11 10 01 01 16 208.000    DROA    SY             0.007             0.012     65.0    
2023 11 10 01 01 32 208.000    DROA    SY             0.012             0.022     66.0    
2023 11 10 01 01 48 208.000    DROA    SY             0.012             0.022     66.0    
2023 11 10 01 02 04 208.000    DROA    SY            -0.007            -0.012     66.0    
2023 11 10 01 02 20 208.000    DROA    SY             0.003             0.005     66.0    
2023 11 10 01 02 36 208.000    DROA    SY             0.004             0.007     65.0    
2023 11 10 01 02 52 208.000    DROA    SY            -0.003            -0.005     66.0    
2023 11 10 01 03 08 208.000    DROA    SY             0.013             0.024     66.0    
2023 11 10 01 03 24 208.000    DROA    SY             0.019             0.034     66.0    
2023 11 10 01 03 40 208.000    DROA    SY             0.001             0.002     66.0    
2023 11 10 01 03 56 208.000    DROA    SY            -0.006            -0.010     66.0    
2023 11 10 01 04 12 208.000    DROA    SY             0.009             0.016     65.0    
2023 11 10 01 04 28 208.000    DROA    SY            -0.012            -0.023     66.0    
2023 11 10 01 04 44 208.000    DROA    SY            -0.009            -0.017     66.0    
2023 11 10 01 05 00 208.000    DROA    SY            -0.009            -0.017     66.0    
2023 11 10 01 05 16 208.000    DROA    SY            -0.015            -0.027     66.0    
2023 11 10 01 05 32 208.000    DROA    SY             0.010             0.018     66.0    
2023 11 10 01 05 48 208.000    DROA    SY            -0.002            -0.003     66.0    
2023 11 10 01 06 04 208.000    DROA    SY             0.007             0.012     66.0    
2023 11 10 01 06 20 208.000    DROA    SY             0.003             0.006     66.0    
2023 11 10 01 06 36 208.000    DROA    SY             0.008             0.015     66.0    
2023 11 10 01 06 52 208.000    DROA    SY            -0.008            -0.015     66.0    
2023 11 10 01 07 08 208.000    DROA    SY            -0.009            -0.016     66.0    
2023 11 10 01 07 24 208.000    DROA    SY             0.005             0.009     66.0    
2023 11 10 01 07 40 208.000    DROA    SY             0.005             0.010     66.0    
2023 11 10 01 07 56 208.000    DROA    SY            -0.001            -0.002     66.0    
2023 11 10 01 08 12 208.000    DROA    SY             0.002             0.004     66.0    
2023 11 10 01 08 28 208.000    DROA    SY            -0.006            -0.011     67.0    
2023 11 10 01 08 44 208.000    DROA    SY            -0.001            -0.002     66.0    
2023 11 10 01 09 00 208.000    DROA    SY             0.020             0.036     66.0    
2023 11 10 01 09 16 208.000    DROA    SY             0.011             0.020     66.0    
2023 11 10 01 09 32 208.000    DROA    SY             0.009             0.016     66.0    
2023 11 10 01 09 48 208.000    DROA    SY             0.004             0.008     66.0    
2023 11 10 01 10 04 208.000    DROA    SY             0.007             0.013     66.0    
2023 11 10 01 10 20 208.000    DROA    SY             0.011             0.020     65.0    
2023 11 10 01 10 36 208.000    DROA    SY             0.011             0.020     66.0    
2023 11 10 01 10 52 208.000    DROA    SY             0.009             0.017     67.0    
2023 11 10 01 11 08 208.000    DROA    SY            -0.004            -0.008     66.0    
2023 11 10 01 11 24 208.000    DROA    SY            -0.001            -0.002     66.0    
2023 11 10 01 11 40 208.000    DROA    SY            -0.011            -0.019     66.0    
2023 11 10 01 11 56 208.000    DROA    SY            -0.009            -0.016     66.0    
2023 11 10 01 12 12 208.000    DROA    SY             0.004             0.008     66.0    
2023 11 10 01 12 28 208.000    DROA    SY             0.011             0.020     66.0    
2023 11 10 01 12 44 208.000    DROA    SY            -0.006            -0.010     68.0    
2023 11 10 01 13 00 208.000    DROA    SY             0.013             0.024     66.0    
2023 11 10 01 13 16 208.000    DROA    SY             0.001             0.002     66.0    
2023 11 10 01 13 32 208.000    DROA    SY             0.003             0.005     66.0    
2023 11 10 01 13 48 208.000    DROA    SY             0.005             0.009     66.0    
2023 11 10 01 14 04 208.000    DROA    SY             0.005             0.010     66.0    
2023 11 10 01 14 20 208.000    DROA    SY            -0.004            -0.008     68.0    
2023 11 10 01 14 36 208.000    DROA    SY             0.011             0.020     66.0    
2023 11 10 01 14 52 208.000    DROA    SY            -0.003            -0.006     66.0    
2023 11 10 01 15 08 208.000    DROA    SY             0.011             0.020     66.0    
2023 11 10 01 15 24 208.000    DROA    SY            -0.007            -0.012     66.0    
2023 11 10 01 15 40 208.000    DROA    SY            -0.001            -0.002     66.0    
2023 11 10 01 16 28 208.000    DROA    SY             0.012             0.022     66.0    
2023 11 10 01 16 44 208.000    DROA    SY             0.004             0.007     66.0    
2023 11 10 01 17 00 208.000    DROA    SY             0.003             0.006     66.0    
2023 11 10 01 17 16 208.000    DROA    SY             0.008             0.014     66.0    
2023 11 10 01 17 32 208.000    DROA    SY            -0.008            -0.014     66.0    
2023 11 10 01 17 48 208.000    DROA    SY             0.008             0.014     66.0    
2023 11 10 01 18 04 208.000    DROA    SY             0.001             0.002     66.0    
2023 11 10 01 18 20 208.000    DROA    SY             0.006             0.011     66.0    
2023 11 10 01 18 36 208.000    DROA    SY            -0.018            -0.033     66.0    
2023 11 10 01 18 52 208.000    DROA    SY             0.022             0.040     65.0    
2023 11 10 01 19 08 208.000    DROA    SY             0.011             0.020     65.0    
2023 11 10 01 19 24 208.000    DROA    SY            -0.010            -0.017     66.0    
2023 11 10 01 19 40 208.000    DROA    SY            -0.006            -0.011     66.0    
2023 11 10 01 19 56 208.000    DROA    SY             0.007             0.013     66.0    
2023 11 10 01 20 12 208.000    DROA    SY             0.023             0.042     66.0    
2023 11 10 01 20 28 208.000    DROA    SY             0.016             0.029     66.0    
2023 11 10 01 20 44 208.000    DROA    SY            -0.006            -0.012     66.0    
2023 11 10 01 21 00 208.000    DROA    SY             0.004             0.008     66.0    
2023 11 10 01 21 16 208.000    DROA    SY             0.000             0.000     66.0    
2023 11 10 01 21 32 208.000    DROA    SY             0.007             0.013     66.0    
2023 11 10 01 21 48 208.000    DROA    SY            -0.009            -0.016     66.0    
2023 11 10 01 22 04 208.000    DROA    SY             0.015             0.027     66.0    
2023 11 10 01 22 20 208.000    DROA    SY             0.008             0.014     66.0    
2023 11 10 01 22 36 208.000    DROA    SY             0.002             0.003     66.0    
2023 11 10 01 22 52 208.000    DROA    SY            -0.010            -0.019     66.0    
2023 11 10 01 23 08 208.000    DROA    SY            -0.003            -0.005     65.0    
2023 11 10 01 23 24 208.000    DROA    SY             0.018             0.032     65.0    
2023 11 10 01 23 40 208.000    DROA    SY             0.009             0.017     66.0    
2023 11 10 01 23 56 208.000    DROA    SY             0.010             0.019     65.0    
2023 11 10 01 24 12 208.000    DROA    SY             0.006             0.012     65.0    
2023 11 10 01 24 28 208.000    DROA    SY             0.003             0.005     65.0    
2023 11 10 01 24 44 208.000    DROA    SY             0.001             0.002     65.0    
2023 11 10 01 25 00 208.000    DROA    SY             0.003             0.005     66.0    
2023 11 10 01 25 16 208.000    DROA    SY             0.015             0.027     65.0    
2023 11 10 01 25 32 208.000    DROA    SY             0.020             0.037     65.0    
2023 11 10 01 25 48 208.000    DROA    SY             0.008             0.015     65.0    
2023 11 10 01 26 04 208.000    DROA    SY            -0.005            -0.009     65.0    
2023 11 10 01 26 20 208.000    DROA    SY            -0.008            -0.014     65.0    
2023 11 10 01 26 36 208.000    DROA    SY             0.008             0.014     61.0    
2023 11 10 01 26 52 208.000    DROA    SY             0.024             0.044     61.0    
2023 11 10 01 27 08 208.000    DROA    SY             0.009             0.015     60.0    
2023 11 10 01 27 24 208.000    DROA    SY            -0.006            -0.011     60.0    
2023 11 10 01 27 40 208.000    DROA    SY             0.008             0.015     60.0    
