2023 11 10 00 26 46 224.100    DROA    SY            46.400     66.0    
2023 11 09 09 50 40 336.100    DROA    SY           876.700     66.0    
2023 11 10 00 26 00 912.100    DROA    SY           875.300     67.0    
2023 11 10 15 30 04 496.100    DROA    SY            47.100     67.0    
2023 11 11 06 33 22 768.100    DROA    SY            47.200     67.0    
2023 11 11 21 08 43 344.100    DROA    SY            46.700     67.0    
2023 11 12 12 12 01 616.100    DROA    SY            46.900     67.0    
2023 11 13 03 15 19 888.100    DROA    SY            47.600     67.0    
2023 11 13 18 18 38 160.100    DROA    SY            46.900     67.0    
2023 11 09 09 35 48 560.100    DROA    SY            47.500     67.0    
2023 11 10 00 39 06 832.100    DROA    SY            47.000     67.0    
2023 11 10 15 42 25 104.100    DROA    SY            47.200     66.0    
2023 11 11 06 17 45 680.100    DROA    SY            47.100     67.0    
2023 11 11 21 21 03 952.100    DROA    SY           878.000     67.0    
2023 11 12 12 24 22 224.100    DROA    SY           878.000     67.0    
2023 11 13 02 59 42 800.100    DROA    SY           877.500     67.0    
2023 11 13 18 03 01  72.100    DROA    SY           877.600     67.0    
2023 11 09 09 48 09 168.100    DROA    SY           877.700     66.0    
2023 11 10 00 23 29 744.100    DROA    SY           877.800     66.0    
2023 11 10 15 26 48  16.100    DROA    SY           877.200     67.0    
2023 11 11 06 30 06 288.100    DROA    SY           877.600     67.0    
2023 11 11 21 33 24 560.100    DROA    SY           877.900     66.0    
2023 11 12 12 08 45 136.100    DROA    SY           877.500     67.0    
2023 11 13 03 12 03 408.100    DROA    SY           877.800     66.0    
2023 11 13 18 15 21 680.100    DROA    SY           877.000     67.0    
2023 11 09 09 32 32  80.100    DROA    SY           876.800     66.0    
2023 11 10 00 35 50 352.100    DROA    SY           876.700     67.0    
2023 11 10 15 39 08 624.100    DROA    SY           877.400     67.0    
2023 11 11 06 14 29 200.100    DROA    SY           877.000     67.0    
2023 11 11 21 17 47 472.100    DROA    SY           877.200     67.0    
2023 11 12 12 21 05 744.100    DROA    SY           877.000     67.0    
2023 11 13 03 24 24  16.100    DROA    SY           877.100     67.0    
2023 11 13 17 59 44 592.100    DROA    SY           877.000     67.0    
2023 11 09 09 44 52 688.100    DROA    SY           877.000     67.0    
2023 11 10 00 48 10 960.100    DROA    SY           877.500     67.0    
2023 11 10 15 23 31 536.100    DROA    SY           876.900     67.0    
2023 11 11 06 26 49 808.100    DROA    SY           877.300     67.0    
2023 11 11 21 30 08  80.100    DROA    SY           877.300     67.0    
2023 11 12 12 05 28 656.100    DROA    SY           877.500     67.0    
2023 11 13 03 08 46 928.100    DROA    SY           876.800     67.0    
2023 11 13 18 12 05 200.100    DROA    SY           876.900     67.0    
2023 11 09 09 29 15 600.100    DROA    SY           875.400     67.0    
2023 11 10 00 32 33 872.100    DROA    SY           878.700     67.0    
2023 11 10 15 35 52 144.100    DROA    SY           877.900     67.0    
2023 11 11 06 39 10 416.100    DROA    SY           877.400     67.0    
2023 11 11 21 14 30 992.100    DROA    SY           877.500     66.0    
2023 11 12 12 17 49 264.100    DROA    SY           878.000     67.0    
2023 11 13 03 21 07 536.100    DROA    SY           877.600     67.0    
2023 11 13 17 56 28 112.100    DROA    SY           877.100     67.0    
2023 11 09 09 41 36 208.100    DROA    SY           877.500     67.0    
2023 11 10 00 44 54 480.100    DROA    SY           878.200     66.0    
2023 11 10 15 20 15  56.100    DROA    SY           878.800     67.0    
2023 11 11 06 23 33 328.100    DROA    SY           878.700     67.0    
2023 11 11 21 26 51 600.100    DROA    SY           877.600     67.0    
2023 11 12 12 02 12 176.100    DROA    SY           876.900     67.0    
2023 11 13 03 05 30 448.100    DROA    SY           876.800     67.0    
2023 11 13 18 08 48 720.100    DROA    SY           876.700     67.0    
2023 11 09 09 53 56 816.100    DROA    SY           877.800     67.0    
2023 11 10 00 29 17 392.100    DROA    SY           877.800     67.0    
2023 11 10 15 32 35 664.100    DROA    SY           876.800     67.0    
2023 11 11 06 35 53 936.100    DROA    SY           877.000     66.0    
2023 11 11 21 11 14 512.100    DROA    SY           877.200     67.0    
2023 11 12 12 14 32 784.100    DROA    SY           877.800     67.0    
2023 11 13 03 17 51  56.100    DROA    SY           877.700     67.0    
2023 11 13 17 53 11 632.100    DROA    SY           877.300     67.0    
2023 11 09 09 38 19 728.100    DROA    SY           877.200     67.0    
2023 11 10 00 41 38   0.100    DROA    SY           876.400     67.0    
2023 11 10 15 44 56 272.100    DROA    SY           877.100     67.0    
2023 11 11 06 20 16 848.100    DROA    SY           876.900     67.0    
2023 11 11 21 23 35 120.100    DROA    SY           877.200     67.0    
2023 11 12 12 26 53 392.100    DROA    SY           878.900     67.0    
2023 11 13 03 02 13 968.100    DROA    SY           877.600     67.0    
2023 11 13 18 05 32 240.100    DROA    SY           876.800     66.0    
2023 11 10 15 29 19 184.100    DROA    SY           876.000     67.0    
2023 11 11 06 32 37 456.100    DROA    SY           876.400     67.0    
2023 11 11 21 07 58  32.100    DROA    SY           876.800     67.0    
2023 11 12 12 11 16 304.100    DROA    SY           877.600     67.0    
2023 11 13 03 14 34 576.100    DROA    SY           877.300     66.0    
2023 11 13 18 17 52 848.100    DROA    SY           877.900     67.0    
2023 11 09 09 35 03 248.100    DROA    SY           876.600     67.0    
2023 11 10 00 38 21 520.100    DROA    SY           876.600     67.0    
2023 11 10 15 41 39 792.100    DROA    SY           876.600     67.0    
2023 11 11 06 17 00 368.100    DROA    SY           876.700     67.0    
2023 11 11 21 20 18 640.100    DROA    SY           877.400     67.0    
2023 11 12 12 23 36 912.100    DROA    SY           877.500     66.0    
2023 11 13 02 58 57 488.100    DROA    SY           877.100     66.0    
2023 11 13 18 02 15 760.100    DROA    SY           877.900     67.0    
2023 11 09 09 47 23 856.100    DROA    SY           875.700     67.0    
2023 11 10 00 50 42 128.100    DROA    SY           876.600     67.0    
2023 11 10 15 26 02 704.100    DROA    SY           877.000     67.0    
2023 11 11 06 29 20 976.100    DROA    SY           877.100     67.0    
2023 11 11 21 32 39 248.100    DROA    SY           877.500     66.0    
2023 11 12 12 07 59 824.100    DROA    SY           876.700     67.0    
2023 11 13 03 11 18  96.100    DROA    SY           878.000     67.0    
2023 11 13 18 14 36 368.100    DROA    SY           876.700     67.0    
2023 11 09 09 31 46 768.100    DROA    SY           876.700     67.0    
2023 11 10 00 35 05  40.100    DROA    SY           875.900     67.0    
2023 11 10 15 38 23 312.100    DROA    SY           876.300     66.0    
2023 11 11 06 13 43 888.100    DROA    SY           876.200     67.0    
2023 11 11 21 17 02 160.100    DROA    SY           876.000     66.0    
2023 11 12 12 20 20 432.100    DROA    SY           878.000     66.0    
2023 11 13 03 23 38 704.100    DROA    SY           876.300     66.0    
2023 11 13 17 58 59 280.100    DROA    SY           877.400     67.0    
2023 11 09 09 44 07 376.100    DROA    SY           876.700     66.0    
2023 11 10 00 47 25 648.100    DROA    SY           875.300     66.0    
2023 11 10 15 22 46 224.100    DROA    SY           876.600     66.0    
2023 11 11 06 26 04 496.100    DROA    SY           876.400     66.0    
2023 11 11 21 29 22 768.100    DROA    SY           878.200     67.0    
2023 11 12 12 04 43 344.100    DROA    SY           876.400     66.0    
2023 11 13 03 08 01 616.100    DROA    SY           876.500     67.0    
2023 11 13 18 11 19 888.100    DROA    SY           876.900     67.0    
2023 11 09 09 28 30 288.100    DROA    SY           877.200     66.0    
2023 11 10 00 31 48 560.100    DROA    SY           878.100     67.0    
2023 11 10 15 35 06 832.100    DROA    SY           876.800     67.0    
2023 11 11 06 38 25 104.100    DROA    SY           877.100     67.0    
2023 11 11 21 13 45 680.100    DROA    SY           877.600     67.0    
2023 11 12 12 17 03 952.100    DROA    SY           876.800     67.0    
2023 11 13 03 20 22 224.100    DROA    SY           877.400     67.0    
2023 11 13 17 55 42 800.100    DROA    SY           877.100     67.0    
2023 11 09 09 40 50 896.100    DROA    SY           876.100     67.0    
2023 11 10 00 44 09 168.100    DROA    SY           877.200     67.0    
2023 11 10 15 19 29 744.100    DROA    SY           876.600     67.0    
2023 11 11 06 22 48  16.100    DROA    SY           876.900     68.0    
2023 11 11 21 26 06 288.100    DROA    SY           876.700     67.0    
2023 11 12 12 29 24 560.100    DROA    SY           876.300     67.0    
2023 11 13 03 04 45 136.100    DROA    SY           877.500     67.0    
2023 11 13 18 08 03 408.100    DROA    SY           877.600     67.0    
2023 11 09 09 53 11 504.100    DROA    SY           877.300     67.0    
2023 11 10 00 28 32  80.100    DROA    SY           877.200     67.0    
2023 11 10 15 31 50 352.100    DROA    SY           876.600     67.0    
2023 11 11 06 35 08 624.100    DROA    SY           876.700     67.0    
2023 11 11 21 10 29 200.100    DROA    SY           876.200     67.0    
2023 11 12 12 13 47 472.100    DROA    SY           875.700     67.0    
2023 11 13 03 17 05 744.100    DROA    SY           877.100     67.0    
2023 11 13 17 52 26 320.100    DROA    SY           877.000     67.0    
2023 11 09 09 37 34 416.100    DROA    SY           875.900     67.0    
2023 11 10 00 40 52 688.100    DROA    SY           876.100     67.0    
2023 11 10 15 44 10 960.100    DROA    SY           876.100     67.0    
2023 11 11 06 19 24 982.600    DROA    SY           875.900     67.0    
2023 11 11 21 22 43 254.600    DROA    SY           877.200     67.0    
2023 11 12 12 26 01 526.600    DROA    SY           875.900     67.0    
2023 11 13 03 01 22 102.600    DROA    SY           875.400     67.0    
2023 11 13 18 04 40 374.600    DROA    SY           876.400     67.0    
2023 11 09 09 49 48 470.600    DROA    SY           877.000     67.0    
2023 11 10 00 25 09  46.600    DROA    SY           876.300     67.0    
2023 11 10 15 28 27 318.600    DROA    SY           876.300     67.0    
2023 11 11 06 31 45 590.600    DROA    SY           877.700     67.0    
2023 11 11 21 07 06 166.600    DROA    SY           876.500     67.0    
2023 11 12 12 10 24 438.600    DROA    SY           876.000     67.0    
2023 11 13 03 13 42 710.600    DROA    SY           877.500     67.0    
2023 11 13 18 17 00 982.600    DROA    SY           875.800     67.0    
2023 11 09 09 34 11 382.600    DROA    SY           876.300     67.0    
2023 11 10 00 37 29 654.600    DROA    SY           876.000     67.0    
2023 11 10 15 40 47 926.600    DROA    SY           876.400     67.0    
2023 11 11 06 16 08 502.600    DROA    SY           876.600     67.0    
2023 11 11 21 19 26 774.600    DROA    SY           876.400     67.0    
2023 11 12 12 22 45  46.600    DROA    SY           877.200     67.0    
2023 11 13 02 58 05 622.600    DROA    SY           877.400     67.0    
2023 11 13 18 01 23 894.600    DROA    SY           876.400     67.0    
2023 11 09 09 46 31 990.600    DROA    SY           876.200     67.0    
2023 11 10 00 49 50 262.600    DROA    SY           875.800     67.0    
2023 11 10 15 25 10 838.600    DROA    SY           876.600     67.0    
2023 11 11 06 28 29 110.600    DROA    SY           877.100     67.0    
2023 11 11 21 31 47 382.600    DROA    SY           875.600     67.0    
2023 11 12 12 07 07 958.600    DROA    SY           876.800     66.0    
2023 11 13 03 10 26 230.600    DROA    SY           876.800     67.0    
2023 11 13 18 13 44 502.600    DROA    SY           876.700     67.0    
2023 11 09 09 30 54 902.600    DROA    SY           874.400     67.0    
2023 11 10 00 34 13 174.600    DROA    SY           875.700     67.0    
2023 11 10 15 37 31 446.600    DROA    SY           876.100     67.0    
2023 11 11 06 12 52  22.600    DROA    SY           875.600     67.0    
2023 11 11 21 16 10 294.600    DROA    SY           875.900     67.0    
2023 11 12 12 19 28 566.600    DROA    SY           875.700     67.0    
2023 11 13 03 22 46 838.600    DROA    SY           876.500     67.0    
2023 11 13 17 58 07 414.600    DROA    SY           875.800     66.0    
2023 11 09 09 43 15 510.600    DROA    SY           875.700     67.0    
2023 11 10 00 46 33 782.600    DROA    SY           875.900     67.0    
2023 11 10 15 21 54 358.600    DROA    SY           875.900     67.0    
2023 11 11 06 25 12 630.600    DROA    SY           876.300     67.0    
2023 11 11 21 28 30 902.600    DROA    SY           876.300     67.0    
2023 11 12 12 03 51 478.600    DROA    SY           876.600     67.0    
2023 11 13 03 07 09 750.600    DROA    SY           876.900     67.0    
2023 11 13 18 10 28  22.600    DROA    SY           876.800     67.0    
2023 11 09 09 55 36 118.600    DROA    SY           877.400     67.0    
2023 11 10 00 30 56 694.600    DROA    SY           877.900     67.0    
2023 11 10 15 34 14 966.600    DROA    SY           878.600     67.0    
2023 11 11 06 37 33 238.600    DROA    SY           877.800     67.0    
2023 11 11 21 12 53 814.600    DROA    SY           878.600     67.0    
2023 11 12 12 16 12  86.600    DROA    SY           878.300     67.0    
2023 11 13 03 19 30 358.600    DROA    SY           877.900     67.0    
2023 11 13 17 54 50 934.600    DROA    SY           875.100     67.0    
2023 11 09 09 39 59  30.600    DROA    SY           878.200     67.0    
2023 11 10 00 43 17 302.600    DROA    SY           876.800     67.0    
2023 11 10 15 18 37 878.600    DROA    SY           877.200     67.0    
2023 11 11 06 21 56 150.600    DROA    SY           876.400     67.0    
2023 11 11 21 25 14 422.600    DROA    SY           876.800     67.0    
2023 11 12 12 28 32 694.600    DROA    SY           877.500     67.0    
2023 11 13 03 03 53 270.600    DROA    SY           876.700     67.0    
2023 11 13 18 07 11 542.600    DROA    SY           878.000     66.0    
2023 11 09 09 52 19 638.600    DROA    SY           878.000     66.0    
2023 11 10 00 27 40 214.600    DROA    SY           877.000     67.0    
2023 11 10 15 30 58 486.600    DROA    SY           878.600     67.0    
2023 11 11 06 34 16 758.600    DROA    SY           881.700     67.0    
2023 11 11 21 09 37 334.600    DROA    SY           879.100     67.0    
2023 11 12 12 12 55 606.600    DROA    SY           879.100     67.0    
2023 11 13 03 16 13 878.600    DROA    SY           878.000     67.0    
2023 11 13 17 51 34 454.600    DROA    SY           876.900     67.0    
2023 11 09 09 36 42 550.600    DROA    SY           878.100     67.0    
2023 11 10 00 40 00 822.600    DROA    SY           876.200     67.0    
2023 11 10 15 43 19  94.600    DROA    SY           877.600     67.0    
2023 11 11 06 18 39 670.600    DROA    SY           878.200     67.0    
2023 11 11 21 21 57 942.600    DROA    SY           877.200     67.0    
2023 11 12 12 25 16 214.600    DROA    SY           877.300     67.0    
2023 11 13 03 00 36 790.600    DROA    SY           877.400     67.0    
2023 11 13 18 03 55  62.600    DROA    SY           878.400     67.0    
2023 11 09 09 49 03 158.600    DROA    SY           875.300     67.0    
2023 11 10 00 24 23 734.600    DROA    SY           876.600     67.0    
2023 11 10 15 27 42   6.600    DROA    SY           876.800     67.0    
2023 11 11 06 31 00 278.600    DROA    SY           878.500     66.0    
2023 11 11 21 34 18 550.600    DROA    SY           878.000     67.0    
2023 11 12 12 09 39 126.600    DROA    SY           877.200     67.0    
2023 11 13 03 12 57 398.600    DROA    SY           877.000     67.0    
2023 11 13 18 16 15 670.600    DROA    SY           877.200     67.0    
2023 11 09 09 33 26  70.600    DROA    SY           877.000     67.0    
2023 11 10 00 36 44 342.600    DROA    SY           876.600     67.0    
2023 11 10 15 40 02 614.600    DROA    SY           876.700     67.0    
2023 11 11 06 15 23 190.600    DROA    SY           877.300     67.0    
2023 11 11 21 18 41 462.600    DROA    SY           875.900     67.0    
2023 11 12 12 21 59 734.600    DROA    SY           876.500     67.0    
2023 11 13 02 57 20 310.600    DROA    SY           876.400     67.0    
2023 11 13 18 00 38 582.600    DROA    SY           876.800     67.0    
2023 11 09 09 45 46 678.600    DROA    SY           877.100     68.0    
2023 11 10 00 49 04 950.600    DROA    SY           878.000     67.0    
2023 11 10 15 24 25 526.600    DROA    SY           877.300     67.0    
2023 11 11 06 27 43 798.600    DROA    SY           875.000     67.0    
2023 11 11 21 31 02  70.600    DROA    SY           877.200     67.0    
2023 11 12 12 06 22 646.600    DROA    SY           877.200     67.0    
2023 11 13 03 09 40 918.600    DROA    SY           876.700     67.0    
2023 11 13 18 12 59 190.600    DROA    SY           876.600     67.0    
2023 11 09 09 30 09 590.600    DROA    SY           876.800     66.0    
2023 11 10 00 33 27 862.600    DROA    SY           876.000     67.0    
2023 11 10 15 36 46 134.600    DROA    SY           876.700     67.0    
2023 11 11 06 40 04 406.600    DROA    SY           876.100     67.0    
2023 11 11 21 15 24 982.600    DROA    SY           875.900     67.0    
2023 11 12 12 18 43 254.600    DROA    SY           877.600     67.0    
2023 11 13 03 22 01 526.600    DROA    SY           875.900     67.0    
2023 11 13 17 57 22 102.600    DROA    SY           877.100     67.0    
2023 11 09 09 42 30 198.600    DROA    SY           876.900     67.0    
2023 11 10 00 45 48 470.600    DROA    SY           877.600     67.0    
2023 11 10 15 21 09  46.600    DROA    SY           876.600     67.0    
2023 11 11 06 24 27 318.600    DROA    SY           877.100     67.0    
2023 11 11 21 27 45 590.600    DROA    SY           875.800     67.0    
2023 11 12 12 03 06 166.600    DROA    SY           877.400     67.0    
2023 11 13 03 06 24 438.600    DROA    SY           877.500     67.0    
2023 11 13 18 09 42 710.600    DROA    SY           875.600     67.0    
2023 11 09 09 54 50 806.600    DROA    SY           877.300     67.0    
2023 11 10 00 30 11 382.600    DROA    SY           877.200     67.0    
2023 11 10 15 33 29 654.600    DROA    SY           876.800     67.0    
2023 11 11 06 36 47 926.600    DROA    SY           876.700     67.0    
2023 11 11 21 12 08 502.600    DROA    SY           877.200     67.0    
2023 11 12 12 15 26 774.600    DROA    SY           878.000     67.0    
2023 11 13 03 18 45  46.600    DROA    SY           877.500     67.0    
2023 11 13 17 54 05 622.600    DROA    SY           877.500     67.0    
2023 11 09 09 39 13 718.600    DROA    SY           878.200     67.0    
2023 11 10 00 42 31 990.600    DROA    SY           876.500     67.0    
2023 11 10 15 17 52 566.600    DROA    SY           877.600     67.0    
2023 11 11 06 21 10 838.600    DROA    SY           876.900     67.0    
2023 11 11 21 24 29 110.600    DROA    SY           878.400     67.0    
2023 11 12 12 27 47 382.600    DROA    SY           877.700     67.0    
2023 11 13 03 03 07 958.600    DROA    SY           877.400     67.0    
2023 11 13 18 06 26 230.600    DROA    SY           877.300     67.0    
2023 11 09 09 51 34 326.600    DROA    SY           876.800     67.0    
2023 11 10 00 26 54 902.600    DROA    SY           877.500     67.0    
2023 11 10 15 30 13 174.600    DROA    SY           877.900     67.0    
2023 11 11 06 33 31 446.600    DROA    SY           877.800     66.0    
2023 11 11 21 08 52  22.600    DROA    SY           877.400     67.0    
2023 11 12 12 12 10 294.600    DROA    SY           875.900     67.0    
2023 11 13 03 15 28 566.600    DROA    SY           876.900     67.0    
2023 11 13 18 18 46 838.600    DROA    SY           876.800     67.0    
2023 11 09 09 35 57 238.600    DROA    SY           876.700     67.0    
2023 11 10 00 39 15 510.600    DROA    SY           876.600     67.0    
2023 11 10 15 42 33 782.600    DROA    SY           875.600     66.0    
2023 11 11 06 17 54 358.600    DROA    SY           877.300     67.0    
2023 11 11 21 21 12 630.600    DROA    SY           877.500     67.0    
2023 11 12 12 24 30 902.600    DROA    SY           879.000     66.0    
2023 11 13 02 59 51 478.600    DROA    SY           877.900     66.0    
