本行信息时间(北京时间) 脉冲类型(/) 位置X(km,J2000) 位置Y(km,J2000) 位置Z(km,J2000) 速度VX(km/s,J2000) 速度VY(km/s,J2000) 速度VZ(km/s,J2000) 脉冲dVX(km/s,J2000) 脉冲dVY(km/s,J2000) 脉冲dVZ(km/s,J2000) 
2024-01-15B02:53:44.445     修正脉冲     -7684.77907711     -3259.70344786     -1440.24863833     -0.03052395     -8.43094210     -4.52606546     0.00000000     0.00000000     0.00000000     
2024-01-17B03:56:39.165     名义脉冲     226592.26212708     -124010.09703254     -75615.31426370     0.63148463     -0.05561621     -0.05178692     0.00008942     -0.00122469     0.00227647     
2024-01-18B17:08:44.437     名义脉冲     273701.48083042     -112531.02536744     -70885.19981392     0.09078387     0.21242235     0.11378777     0.00341058     0.00621416     0.00330385     
2024-01-20B04:28:07.824     名义脉冲     251724.36031271     -73173.77516287     -48499.48096165     -0.46540178     0.40786905     0.23356250     -0.00015833     0.00269246     -0.00488405     
2024-01-22B04:37:54.778     名义脉冲     -6893.55980825     2872.25310521     1784.03561361     -4.43243092     -8.08785425     -4.10578301     -0.01321140     -0.02410683     -0.01223779     
2024-01-24B03:16:45.193     名义脉冲     233994.50808184     -147115.93247154     -86693.71556856     0.85405477     -0.24710993     -0.16296602     -0.00007917     -0.00009731     -0.00004854     
2024-01-27B16:31:43.277     名义脉冲     364610.34201563     -152245.86408883     -94159.86657082     0.08092987     0.16433880     0.08516814     0.00915614     0.01662122     0.00858020     
2024-01-31B03:57:26.570     名义脉冲     278863.48601684     -64600.83972938     -44091.02408759     -0.75596638     0.42757197     0.25609917     0.00003612     0.00011446     0.00006074     
2024-02-02B02:44:24.544     名义脉冲     -7353.33731915     3040.05151038     1883.96952711     -4.27167729     -7.79816474     -4.08937695     -0.00452260     -0.00825624     -0.00432959     
2024-02-03B14:44:24.544     修正脉冲     199626.54418927     -141179.97683414     -82859.94017281     1.06325189     -0.39888311     -0.24982766     0.00000000     0.00000000     0.00000000     
2024-02-10B04:38:32.294     修正脉冲     397361.69306447     -138884.47631465     -87243.12853022     -0.21283895     0.23746688     0.13752866     0.00000000     0.00000000     0.00000000     
2024-02-11B16:38:32.294     名义脉冲     342586.85885898     -103812.89943285     -66110.64021712     -1.02411175     0.49565141     0.31612956     0.01493319     0.00359495     0.00205018     
2024-02-21B16:38:32.294     修正脉冲     -150505.94269142     -563836.02123716     -319364.78903447     0.24567522     -0.61984541     -0.35839622     0.00000000     0.00000000     0.00000000     
2024-03-11B08:00:00.000     名义脉冲     348805.33154435     -945371.88089445     -543490.09899603     0.29543126     0.05677404     0.03078472     -0.00620209     0.00542336     0.00369903     
2024-03-31B08:00:00.000     修正脉冲     691322.29970521     -448258.62130714     -259075.30482701     0.02973442     0.54242736     0.31050223     0.00000000     0.00000000     0.00000000     
2024-04-15B17:03:30.000     修正脉冲     -79489.93626957     311202.61004389     175844.65458335     -1.45131876     -0.08745204     -0.05156286     0.00000000     0.00000000     0.00000000     
2024-04-21B17:03:30.000     修正脉冲     -182543.73542189     -184503.00501803     -82188.69823512     0.98891988     -0.84101943     -0.50756436     0.00000000     0.00000000     0.00000000     
2024-05-14B18:04:40.596     修正脉冲     -184223.50909755     274748.79751638     159111.86880732     -0.85715135     -0.80871790     -0.35655318     0.00000000     0.00000000     0.00000000     
2024-05-16B18:04:40.596     名义脉冲     -312995.51602125     105128.73978329     77976.88709818     -0.56740062     -1.03700343     -0.53688535     0.02310680     0.06086119     0.02433839     
2024-05-17B18:04:40.596     修正脉冲     -352720.63855373     15177.50692299     29931.64346472     -0.34694044     -1.03047469     -0.56620700     0.00000000     0.00000000     0.00000000     
2024-05-18B18:04:40.596     修正脉冲     -372852.09865955     -71008.31392233     -18557.39987286     -0.12230092     -0.95637028     -0.55021849     0.00000000     0.00000000     0.00000000     
